month,kospi_eps_revision_z,kospi_valuation_gap_z,kospi_credit_widening_z,kospi_k_score,bond_k_score,bond_atr_percentile,gld_k_score,gld_atr_percentile,kospi_option_direction_score,kospi_abnormal_bear_pressure_fast,kospi_abnormal_bear_pressure_slow,bond_carry_5y_monthly_z,bond_roll_down_5y_to_3y_monthly_z,bond_rate_momentum_5y_monthly_z,bond_curve_slope_10y_minus_3y_pctpt_z,bond_curve_total_return_proxy_z,gld_real_yield_support,gld_fx_support,gld_gold_trend_support,gld_gold_composite_state,gld_gvz_causal_rank,gsg_ovx_causal_rank,gsg_return_momentum_3m,gsg_return_momentum_12m,gsg_return_volatility_3m_rank
2006-07,-0.4218627642972076,-0.8002359119986765,0.1045732815689349,,,,,,0.3192300032281016,-0.844431545269742,0.087056851148962,-0.1628728918170746,-1.0721014748480984,-0.0627788088563801,-1.5686570690760264,-0.1131060116125856,0.5,0.5,0.5,0.5,,,,,
2006-08,-0.5977310287088189,-0.8468572228815952,0.4604162788798258,,,,,,-0.3304677399077094,0.1059208314746877,0.115433801468084,-0.2746634832871556,-1.1566065702973851,-0.1610475966660219,-1.7343208105590335,-0.2245000619226229,0.5,0.5,0.5,0.5,,,,,
2006-09,-0.1797730057680007,-0.955886188303738,0.1872872158063705,,,,,,-0.4287807496343391,0.7630685993608073,-0.5817184219046778,-0.3863268952160536,-1.3395480130052817,-0.0319691806131706,-1.7518239202209949,-0.1075664462089054,0.5,0.5,0.5,0.5,,,,,
2006-10,-0.0851285039547125,-0.9109891887449284,0.0052365427195144,,,,,,-0.6362376511781929,0.0239019219283212,0.7218227222772748,-0.6017943244477981,-1.4134935183257258,0.4406240514528695,-1.8343533733248696,0.35601174342811,0.5,0.5,0.5,0.5,,,-0.151684419305414,,0.5
2006-11,0.1108830325382546,-0.8931192048315544,-0.0857925642206521,0.0907914145212758,0.8591248008381047,0.1065217391304347,-0.4293229973669734,0.6182008368200836,-0.4636273705991,-1.4282597982016632,-0.9342694373588176,-0.4076819255566245,-1.1835054305298298,-0.1534487601154013,-1.647658438026144,-0.2286616641802071,0.5,0.5,0.5,0.5,,,-0.20018508848103567,,0.25
2006-12,-0.0792249756302274,-1.094218999450468,0.3730309665606716,0.6915457226597351,0.7606290484576937,0.075,-0.1443885859103337,0.3657314629258517,-0.6856735459621799,0.727911198234631,0.3096583707291344,-0.3096453909280247,-1.2634577884740263,-0.3408568391826981,-1.7346794235476408,-0.4163388516053966,0.5,0.5,0.5,0.5,,,-0.11847853824979471,,0.5
2007-01,0.0216728172349207,-1.0859328598107647,0.3701055860360479,0.7214602671086823,0.6392199291423,0.345360824742268,-0.314551504571857,0.5635838150289018,-0.7051934877731647,1.110108750285715,-0.3899633855368952,-0.1696166151565492,-1.141519851610273,-0.8051654499161166,-1.751160284919958,-0.8757574817365449,0.5,0.5,0.5,0.5,,,-0.07791769816722671,,0.375
2007-02,-0.1022651741931927,-0.9168199098830844,-0.0038122639124369,0.5034133355227067,0.6478897675840619,0.0698757763975155,-0.0432889003368417,0.3905380333951762,-0.6398751237054165,0.3103874357451951,0.2444129038941548,-0.1471053604369948,-1.4708114528124767,-0.4743126481851031,-2.0179538301155904,-0.5488517414109043,0.5,0.5,0.5,0.5,,,-0.052650305618224924,,0.5
2007-03,-0.2262129053358153,-1.0108154103685467,0.2764344067867177,0.4760620245210156,0.6307513941313841,0.2357142857142857,0.477108607266278,0.8969534050179212,-0.6840880435173627,1.2998714763040384,0.6413417221918304,-0.3071438578577722,-1.3905827388014067,-0.3674695669571162,-1.765823860793019,-0.4485755520056877,0.5,0.5,0.5,0.5,,,-0.06760660788359907,,0.25
2007-04,-0.0940761313020874,-1.0672804550188422,0.5564570852682578,0.4483980741877567,0.729408575583869,0.2952755905511811,0.600854534875703,0.5094827586206897,-0.4410178092804171,0.2651051933035471,0.2149070115736837,-0.3913441098721629,-1.2658747391910332,0.0199220840840435,-1.5055207657428566,-0.0557161021722796,0.5,0.5,0.5,0.5,,,0.0713065018615533,,0.07142857142857142
2007-05,-0.2429364210342342,-1.3231776943142477,-0.2982136822717262,0.5000441330360683,0.7389067125978529,0.0450121654501216,0.6076192223306892,0.2775,-0.5593444566775067,-0.0084044205181496,-0.1898121816824112,-0.105927024304936,-1.390579166844503,-0.2036058425856425,-1.6846935059502548,-0.2687412510925027,0.5,0.5,0.5,0.5,,,0.03300312974899677,,0.3125
2007-06,0.1866189078012799,-1.6024523949038234,-0.0111046244180814,0.6086627092065445,0.6112851801186804,0.0260180995475113,0.5385726418925897,0.47508038585209,-0.3731012506489711,-0.684447031655327,-0.7308439011836158,0.0587970956964572,-1.2190798623840324,-0.7418126491668976,-1.494434410708234,-0.7988823426132023,0.5,0.5,0.5,0.5,,,0.04369527424393249,,0.3888888888888889
2007-07,0.5481474583299828,-1.6462328647456128,0.2758533256764052,0.7332013346324862,0.4676766584582243,0.7786016949152542,0.3472511377347247,0.307153965785381,-0.5063549218665464,1.2899245397293913,0.4516725377996589,0.2455442224333741,-0.8134981674165891,-0.9449422525638284,-1.1681370771346726,-0.9763290024375676,0.5,0.5,0.5,0.5,,,0.006088099882781917,-0.15690428343434937,0.15
2007-08,1.188577822388041,-1.6838581732530216,0.2739907485041188,0.7801803604711425,0.4535841312242779,0.8876739562624254,-0.0419940810931498,0.3049698795180723,0.3834525084785753,-0.1956609567169315,-1.7176296269900289,0.133169790056227,-1.0953761901079857,-0.5124534446750191,-1.4458663696378706,-0.5551420707108746,0.5,0.5,0.5,0.5,,,0.11335204640615948,-0.12856707410732027,0.045454545454545456
2007-09,0.8726795341580337,-1.454754624366436,0.0786255693771217,0.6910460884001398,0.6122593866584757,0.8211610486891385,-0.0038580921329128,0.2481804949053857,0.6319097844716149,-1.2121946310895044,-0.8437564906389846,0.3440595867253004,-1.1771026379131502,-0.357285051743218,-1.4475812309237803,-0.3862302439652088,0.5,0.5,0.5,0.5,,,0.05522908769824175,-0.09478331894210679,0.4583333333333333
2007-10,0.2791792190574085,-1.526550778490584,0.9545321996886512,0.6311899529542289,0.6738307688744232,0.1675531914893617,0.321599381713169,0.3732294617563739,0.537659591312703,-1.4055256205178313,-1.234756351099357,0.3977313707200846,-1.0634423716864505,-0.233230096284331,-1.4202468454683814,-0.2522096560683478,0.5,0.5,0.5,0.5,,,0.10849742523929184,0.10167660751685159,0.7307692307692307
2007-11,-0.0176682500770981,-1.6803285568957538,0.7486002895360087,0.5986326469887813,0.6867758744596815,0.4764705882352941,0.5944239817606544,0.50960219478738,0.4187088250905866,-0.7670861115272228,0.172785938899049,0.3611499294336269,-1.0497149437071285,-0.3999112683135816,-1.423349755944743,-0.4238296932204249,0.5,0.5,0.5,0.5,,,0.12027464338403204,0.22058765875406894,0.8214285714285714
2007-12,0.175915039635992,-1.4679416360191984,1.1324146952767702,0.4162899880931313,0.5492076038231515,0.9992,0.7416768588342452,0.8366666666666667,0.5898753490086439,-0.1652695371693902,-0.8558684211129574,0.7550767681682086,-0.9883386231214728,-0.7813143633272508,-2.001751986412848,-0.7819572106226601,0.5,0.5,0.5,0.5,,,0.15084945148089446,0.18178418344854275,0.23333333333333334
2008-01,-0.0091088187899369,-1.4180458816254162,3.263156369049109,0.2643869684253479,0.1906180348052737,0.7004573170731707,0.8043403645162073,0.6603896103896104,0.3856992855342454,0.5374310670673764,-0.1488543155758286,0.6799298827430437,-1.12131541363136,-0.5890177063870212,-1.8305153674599373,-0.59722379717718,0.5,0.5,0.5,0.5,,,0.16734349414876348,0.39470741156672773,0.53125
2008-02,-0.0948799258000317,-0.7515519948574516,1.6694788729776548,-0.2057165904471163,0.3551424538334102,0.9890829694323144,0.8021916413123994,0.6934260429835651,-0.1642899778113679,0.7682722575358263,1.4702351843779171,-0.0891223761513105,-0.9621974189478304,0.2507077932879969,-1.1153711481803548,0.2093192059724331,0.5,0.5,0.5,0.5,,,0.06485595976325076,0.37198549864518515,0.6764705882352942
2008-03,-0.4369463756240693,-0.9477852828756008,-0.6543814312458767,-0.4590085062552136,0.5600658482305872,0.8847765363128491,0.8066346850579982,0.5406905055487053,0.2983632422831247,0.0909552289819062,1.1877537352520338,-0.1229806584318369,-0.7589489012389203,1.3999145991793922,-0.933835737929355,1.3830234238258692,0.5,0.5,0.5,0.5,,,0.21405068037425967,0.5387774131630989,0.9722222222222222
2008-04,-0.2794718078925825,-0.9644635410222624,-2.3935316318395947,-0.6702974968930664,0.7189895033930847,0.931057563587684,0.8004530193981273,0.9031287605294824,0.2259081845205323,0.5419755466956988,-0.082346475545801,-0.0646451140863158,-1.1381498047048348,1.020613797701053,-1.1189268083052708,0.9867049976203685,0.5,0.5,0.5,0.5,,,0.12406740750248635,0.4633955283759841,0.9736842105263158
2008-05,0.0383370158442438,-1.0823382043670569,0.2886765607564423,-0.4536280401115454,0.6657895790443714,0.5939510939510939,0.671947984366052,0.7778429073856975,-0.2920201721570407,0.4444264340837226,0.583557410649768,-0.2381501502635862,-0.930696707277738,0.1892569195102322,-0.96554790752261,0.1383292235109235,0.5,0.5,0.5,0.5,,,0.25695246787688975,0.6694243306236658,0.775
2008-06,0.3395980323544336,-1.2483445408005065,0.1070946707328202,-0.067166082408801,0.5417079626681733,0.8409653465346535,0.584004902081596,0.7145308924485125,-0.248861183007778,-0.4342006154540231,0.1621951814952874,0.4158793721272171,-0.872774278071034,-0.8536415068998531,-0.9551234860144776,-0.8757202625480016,0.5,0.5,0.5,0.5,,0.9850187265917604,0.228120248143582,0.8106853074146612,0.6904761904761905
2008-07,0.40636940432165,-0.9485600769753448,0.1969206430760172,0.2243265041047824,0.0003812444699971,0.9457040572792362,0.4425165527188485,0.7335195530726257,0.0426703695334587,-0.7662333491160078,-0.3151824734520579,0.9283703486539656,-0.8642756044101072,-1.4840108681432134,-1.1957595513964958,-1.481574964973315,0.5,0.5,0.5,0.5,,0.953125,0.3953563516855303,1.029601826903169,0.022727272727272728
2008-08,-0.4374794393314367,-0.8245720628663239,1.1958126426281404,-0.0749828730595391,-0.4849951991192886,0.929228998849252,0.3619909120857876,0.747546346782988,-0.291280339432191,0.7849261632651857,0.2950725385628925,0.7783024638903049,-0.9527288886662578,-1.0249500145027604,-1.2632924552945823,-1.028697117327312,0.5,0.5,0.5,0.5,,0.9241935483870968,0.044017398825750176,0.5654599574502532,0.9782608695652174
2008-09,-1.1407153778883985,-0.671028627676648,3.9919368537973345,-0.374011159487308,-0.2713377807043196,0.785,-0.2340436106490769,0.92590618336887,-0.0635850923644853,-0.5106511075205143,0.3390710473026651,0.7597995338306237,-0.7977597817707152,-0.5185660563558155,-1.0516590439367872,-0.5088089316785349,0.5,0.5,0.5,0.5,,0.9682779456193352,-0.07368178841378437,0.5894849708591681,0.9375
2008-10,-0.8907833168179637,-0.6875781524399719,3.665807119807495,-0.655143240094232,0.434530409220395,0.9962365591397848,0.0456998613615483,0.9994786235662148,0.1157634920659981,1.437550351746224,1.1967836371308662,0.635671022499081,-1.1786044327935836,0.4479120315075097,-1.2336687416805694,0.4501007089124067,0.5,0.5,0.5,0.5,,0.9957386363636364,-0.21470951927735749,0.437826519065015,0.9
2008-11,-1.732581996365363,0.3348894248532001,12.42932667408356,-0.6866608860374567,0.6647768897509952,0.9911550468262228,0.2959831152874891,0.9984725050916496,0.7487555169181761,-0.9206603343663038,0.248177860778064,-0.585467410777177,-0.0025734772333901,1.4278053979179808,1.2683616191281588,1.4124106484896657,0.5,0.5,0.5,0.5,,0.9853333333333332,-0.2707097826677515,0.01910244897193447,0.9038461538461539
2008-12,-2.725133360695415,-0.1165554340101387,1.7330923927650956,-0.7035181922433742,0.6393801258735566,0.9540867810292634,0.3993681745535657,0.9655344655344656,0.7530619961475342,0.1360227620125332,0.0112605418023195,-0.2021008059168725,-0.3916863589846525,1.1569492318698071,0.8656407240705586,1.1473479137130864,0.5,0.5,0.5,0.5,,0.9555837563451776,-0.2902765887064014,-0.019772139382383314,0.8703703703703703
2009-01,-2.1609640937180714,-0.0765107772809492,-0.6754722356615694,-0.6432141607715529,0.6400770823243724,0.9398238747553816,0.4975739725581157,0.9379276637341154,0.6548657086137811,1.3808882025124802,-0.2083710599409292,-1.7138250920250655,0.5389801696386006,2.722807709403561,0.6648098327606973,2.6779633007702786,0.5,0.5,0.5,0.5,,0.955528846153846,-0.3946137959499073,-0.2543408664010588,0.8392857142857143
2009-02,-2.7319356190912067,-0.6571791439278837,-3.098781900056029,-0.5594396817563217,0.7353741525530924,0.8779677113010447,0.5967050773713194,0.889261744966443,0.6402391435045617,-0.7909189192842916,0.6610151933633677,-1.325697797566059,1.1239148962665868,1.124810293454811,1.5170401987778233,1.103385598175924,0.5,0.5,0.5,0.5,,0.856651376146789,-0.2578172733262355,-0.28970653034983007,0.6379310344827587
2009-03,-2.0318786380806397,-0.6601071797003337,-4.384571476385164,-0.4275585238598851,0.6727920848720919,0.8802035152636448,0.604998778482698,0.8837099811676082,0.6522951706720272,-0.2069275748784752,0.8387328650519896,-0.7196655699141477,2.433435285129392,-0.4162890119566247,1.821400525063596,-0.3759940567462778,0.5,0.5,0.5,0.5,,0.798901098901099,-0.19990697998249074,-0.3540026936395436,0.85
2009-04,0.208094152927851,-1.1091655207770734,-2.405315239303992,-0.1285774278544582,0.5836577116153377,0.7738309352517986,0.5712974328891903,0.9017527675276752,0.5673947332611002,-0.3205159729099567,-0.2627415841647651,-0.5728147302955015,2.351238447556697,-1.6024595151220886,1.7551974431244024,-1.575591256036973,0.5,0.5,0.5,0.5,,0.8647798742138365,-0.09310595728305782,-0.39840456039834027,0.46774193548387094
2009-05,1.907731495320135,-1.0613288702909611,-1.7828201117962013,0.3692132621392869,0.6194853750915177,0.7412434325744308,0.4389593358939146,0.8755656108597285,0.4056180080149685,-0.0353466094734046,0.4926393230244867,-1.1836869409294737,1.4818980583097603,0.4562612896383652,1.3705147181392636,0.4491136668305512,0.5,0.5,0.5,0.5,,0.6937751004016064,-0.08922852707405038,-0.4853305545788311,0.390625
2009-06,1.2589011032627304,-1.1660744615589198,-2.3256886972335207,0.5563744554358283,0.6934359820769522,0.5545609548167093,0.1352359862168252,0.356,-0.0362990396004477,0.7627225103272501,1.5557595089139795,-0.5798296320680104,2.6674304042809385,-0.325913250967725,1.99346913074962,-0.2601550201919984,0.5,0.5,0.5,0.5,,0.5048262548262549,0.05104170395305552,-0.4471468810545999,0.9242424242424242
2009-07,1.336761501503778,-0.9862493057532576,0.7830973756840616,0.5912129249905247,0.5079379704296823,0.6438071487946799,-0.1935834320127991,0.2977332170880558,0.3967736073966447,0.2131924167753119,-0.3188785472385186,-0.6115605198931476,0.93991261370196,0.0221418833918865,1.127990920127657,0.0228544437717203,0.5,0.5,0.5,0.5,0.0018382352941176,0.5212962962962963,0.12882554597767504,-0.5133169388982937,0.8970588235294118
2009-08,3.2177417656620193,-1.0086977797952763,0.5740755009043961,0.6595957349795278,0.4089829508809056,0.6000810372771475,-0.486558626234994,0.1869118905047049,-0.3036913608643461,0.2504641188591478,0.4546881882111559,-0.4650206361548001,1.0217308240434857,-0.4470195888787356,1.2210151932583495,-0.4423169704443104,0.5,0.5,0.5,0.5,0.0561224489795918,0.5791814946619217,0.17325492602258308,-0.4216203074844732,0.8428571428571429
2009-09,1.3442461646937978,-0.9571582237556424,-0.6917906284789458,0.7178240025465281,0.1064571441800133,0.5869565217391305,-0.4118906377567968,0.2373949579831932,-0.3992057524509859,-0.4426910284864508,-0.5810138736584072,-0.2835325884447785,1.1472758316205722,-0.4140751488599624,1.232775321851015,-0.3913959018439861,0.5,0.5,0.5,0.5,0.1,0.6509433962264151,0.0017371703983415365,-0.40213469616459396,0.013888888888888888
2009-10,1.049796288902225,-0.9122959010693832,-0.401201805386027,0.7481928308061092,0.3847862868379352,0.5285714285714286,0.1810157816470863,0.5495458298926507,0.0435481925530443,-2.013058867849261,-1.7523876651209398,-0.4018032838644952,0.6384532363843656,-0.5490378251918334,0.8771569638782011,-0.5583564469244379,0.5,0.5,0.5,0.5,0.1324404761904762,0.5529801324503312,-0.11054189496361122,-0.44875914848416,0.5540540540540541
2009-11,0.9129050329516434,-0.6054816900136851,-0.0301582779928764,0.7108484072485262,0.4558754879988765,0.5426093514328808,0.3703180758377987,0.3167072181670722,-0.4859225265078834,0.1594051439598746,-0.0615204880394135,-0.2433520776196404,0.9961646199603136,-0.1631277160754781,0.9748858993468608,-0.1391619204653538,0.5,0.5,0.5,0.5,0.1522346368715083,0.4353035143769968,-0.014959160013433448,-0.21879163520013156,0.75
2009-12,0.7433027677608816,-0.3440444021252946,-0.1123759293042887,0.5812236673833543,0.6866952162928289,0.5859144542772862,0.5081105016813816,0.2286512370311253,-0.3975236829125141,0.4566066035212244,-0.1011956489525038,-0.6405946578547391,1.0321785126501748,0.1912287679266804,1.3862300434414092,0.1980804582018566,0.5,0.5,0.5,0.5,0.414021164021164,0.4481424148606811,-0.05272536305696396,-0.2020234507985852,0.7307692307692307
2010-01,0.4630181928519187,-0.5982040721716835,0.0536280283097987,0.4951603136873765,0.7255507501466633,0.4459264599855804,0.6067347254171638,0.5070588235294118,-0.3919374520853206,0.3632770788738288,0.0429104906986812,-0.2610968381153522,1.0223560623532846,-0.334735179240845,0.9230537056205864,-0.3137645131852239,0.5,0.5,0.5,0.5,0.26375,0.2881736526946107,0.07280801778907287,-0.02314324098780496,0.3125
2010-02,-0.1551792188421336,-0.4583509366252274,0.0118205300577567,0.4350277256360986,0.7291480236398626,0.4291255289139633,0.5276157486457322,0.5351622874806801,-0.388778078947794,-0.7700375927649286,0.365692956874279,-0.3814270029471191,1.1937129473996384,0.0856423337388617,1.1507797814211724,0.11468677957641,0.5,0.5,0.5,0.5,0.2828162291169451,0.2496360989810771,-0.07781794686653909,-0.02932753904842067,0.13414634146341464
2010-03,0.3786476078481203,-0.164734779421499,0.0952760809959674,0.1470466210770669,0.747260572922064,0.3724066390041494,0.3783664733230503,0.3469154607768469,-0.562753072979606,0.9437948344690454,0.5622215349245903,-0.6236154765944222,1.0452100519454286,-0.0705248085982901,1.0602891461912327,-0.0665004664479816,0.5,0.5,0.5,0.5,0.1324200913242009,0.2202549575070821,-0.018170034641327493,-0.020767250735030274,0.5119047619047619
2010-04,0.0674813314843064,-0.2811514431128566,-0.5343114149949676,0.3062334610874999,0.7196901482959728,0.7755585646580907,0.0802020624728976,0.2398952095808383,-0.4563119250939402,-0.2857861083767585,-0.3804572516197536,-0.7421552513730643,1.531765180800823,0.4931458235494732,1.1024315555681992,0.5221316277675131,0.5,0.5,0.5,0.5,0.0119305856832971,0.1172839506172839,-0.032366743885855476,0.04228172416731435,0.47674418604651164
2010-05,0.905862735700133,-0.1612442062140908,-0.8258192642325612,0.486309652859366,0.8381329229833553,0.4787657597876576,-0.3061494458775939,0.1565954310980103,-0.6133815625382181,0.7290814189143451,0.7201483334191406,-1.0437265594513507,1.643675932038932,0.6474471360278097,1.4830155524050452,0.6652478651911564,0.5,0.5,0.5,0.5,0.1524896265560166,0.1666666666666666,0.052334685433256256,0.12154621572919622,0.056818181818181816
2010-06,0.6929349283185493,0.1008615255878089,0.4445313093390955,0.2368571871192457,0.6781597379847805,0.3325747724317295,0.2545262508723909,0.855119825708061,-0.4713048073325654,1.213280571612,0.6042354793942643,-0.9237534761613676,2.1513561858590307,0.1710899812104495,1.825637306433869,0.2108791726509402,0.5,0.5,0.5,0.5,0.2579681274900398,0.4850649350649351,-0.06138827349079301,-0.12551582112768112,0.16666666666666666
2010-07,0.2570009813157144,-0.0084383664224392,0.061582676026894,0.172787577919411,0.579091617692998,0.2637117346938775,0.5811667442031782,0.687276626161544,-0.5492181665816053,0.655042520433892,1.122856522260341,-0.8181032336658876,1.222737354399638,-0.2091583024757743,1.1232937423628102,-0.210710811020656,0.5,0.5,0.5,0.5,0.3463740458015267,0.4482323232323232,-0.04604204281677293,-0.11917926739077611,0.22826086956521738
2010-08,0.048827685565586,0.0355413181835291,0.1462711397515444,0.4003639015711445,0.6449253555741,0.1585365853658536,0.5934711929319317,0.446830985915493,-0.4787435870425546,-0.4345379251921515,-0.3437940563624626,-0.8859271747541899,1.2095500668514831,-0.1923365307094345,0.9839517854799944,-0.1984310381516975,0.5,0.5,0.5,0.5,0.0587155963302752,0.1961869618696187,-0.018553229206781374,-0.061808403861253414,0.5
2010-09,0.1694860726224059,0.2832299091055389,0.2736102368962371,0.3390418706125985,0.6514858606885822,0.4015337423312883,0.5349627443223041,0.1168515950069348,-0.5668937971706508,0.4979702791667785,0.145082109038317,-1.3465983238663604,0.629251203368041,0.3347157331755202,0.4364704901160527,0.281484217308336,0.5,0.5,0.5,0.5,0.1216931216931216,0.3191616766467066,0.007809715663347427,-0.12021468534410829,0.17708333333333334
2010-10,-0.1104222381713563,0.0562646012344299,-0.027455715566643,0.4167832088047322,0.755310517229485,0.6009036144578314,0.4565866918550643,0.0912508544087491,-0.6457997755173853,0.4844294610009738,0.5564686279159605,-1.686046389267292,0.3628872500996971,1.085455242686841,0.3312010153879491,1.0111983490349818,0.5,0.5,0.5,0.5,0.1037414965986394,0.1360981308411215,0.01975704579632498,0.00985436309559451,0.21428571428571427
2010-11,-0.1343302432003476,-0.0323641969346395,-0.6725650040481036,0.6627861056950396,0.8122364154766469,0.7998225901833235,0.330902337505503,0.3204177897574124,-0.6741884958405137,0.0302781503044976,0.9243938002131452,-1.4764348479266167,1.327714867943344,0.7875673634277233,1.1572895437805055,0.7659859440708788,0.5,0.5,0.5,0.5,0.2914614121510673,0.2354618015963512,-0.0041315651212839866,-0.05149577709305975,0.13
2010-12,0.240795389081049,-0.0309720971127155,0.4094195460584692,0.7482044214004805,0.5898086146893522,0.6772225450319581,0.3714645312859239,0.6408637873754153,-0.293015075367361,-0.4903044852880879,-0.4526578250853839,-1.4326632297075097,1.6627715304956985,0.0933016692431111,1.352594823184708,0.0760390400720771,0.5,0.5,0.5,0.5,0.392063492063492,0.2310690423162583,0.09229689417867348,0.014475347765936286,0.00980392156862745
2011-01,0.3700045976904766,-0.2988544542396923,0.1478313341506031,0.7702230779569692,0.4380897845647085,0.4346461187214612,0.6913656039078637,0.3349705304518664,-0.4017815451648137,-0.1498081743412921,-0.2662615036362943,-1.1735127178987852,1.680457473248969,-0.9528505772592388,1.2080581821860978,-0.9727098031492012,0.5,0.5,0.5,0.5,0.1648773006134969,0.1217391304347826,0.12218018069124037,0.056329308561581026,0.028846153846153848
2011-02,0.2030049762164249,-0.3287548564952522,-0.1134601085795049,0.8019266963239665,-0.1820595801606782,0.2879977565900168,0.4979266138903357,0.3926955397543633,-0.6714475123035997,-0.1431696733963964,0.5010134981521497,-0.7648826288292397,0.575298095353357,-0.6395567548703766,0.2195500952178551,-0.6771928302029563,0.5,0.5,0.5,0.5,0.0989583333333333,0.4175531914893617,0.12362140260432852,0.15569332725301366,0.02830188679245283
2011-03,0.2293858673512126,-0.0077191838287922,0.017878480933604,0.6913238651264948,-0.0036539025127088,0.2824406405300939,0.3173428904191182,0.1491060025542784,-0.4137669801488566,-0.0602275844653741,-0.9887255267570016,-0.9166622209583392,0.5288964203733706,-0.8779031686095323,0.3991684338730948,-0.9327400981468368,0.5,0.5,0.5,0.5,0.0151953690303907,0.5260688216892596,0.10850135897867363,0.14535850536818185,0.027777777777777776
2011-04,-0.067451673528404,-0.2819378595592458,0.0178062307112805,0.5461749058972032,0.307645879751385,0.4264386536373507,0.2941969033061614,0.1091881686595343,-0.5334217706430239,-0.1507123881958637,0.7446539470264285,-1.114925471171441,0.2657250844314032,0.113579475372108,0.1902309363575483,0.052307910085087,0.5,0.2704918032786885,0.5819672131147541,0.5,0.0469187675070028,0.4012219959266802,0.059593644261301204,0.15671905086605786,0.00909090909090909
2011-05,0.0751120829708548,-0.3626820821504393,-0.0262475769974471,0.5491879882355856,0.6151448590410051,0.2844551282051282,0.2895026830930799,0.1208825357364822,-0.6394493962376269,0.1519546139479211,0.4540197234160182,-1.0446231293379482,0.0903029917356199,0.2104132511477687,0.0854997929844461,0.1471541064833771,0.5,0.0887096774193548,0.7338709677419355,0.5,0.3099455040871934,0.1786427145708582,0.05002503523698776,0.1531568268819199,0.026785714285714284
2011-06,0.5134360712595141,-0.0892641036955117,-0.1586253495627362,0.4658475848020471,0.7893437205901608,0.3087230688386758,0.3701613744531458,0.2929447852760736,-0.3431553835397762,0.2639202231127047,-0.1888900321179651,-1.3853414576224183,-0.1725327771490173,0.5513918372882216,-0.0974717891094473,0.4585829601925733,0.5,0.0873015873015873,0.5158730158730159,0.5,0.0549668874172185,0.3582600195503421,-0.04736837219843715,0.1624665520035491,0.23684210526315788
2011-07,-0.157814627580984,-0.0125654715875485,-0.0693158255205144,0.2635715222113479,0.7753726407053627,0.1502845318158303,0.5985737009899492,0.1909806295399515,-0.4945732623250121,0.6366341684004039,0.028589937506893,-1.2013253390281569,-0.3035811290190047,-0.1207484240569723,-0.3852162536929072,-0.2208464275444179,0.71484375,0.2265625,0.5078125,0.4830729166666667,0.0096525096525096,0.2224880382775119,-0.1176703270113536,0.0698663753525961,0.2672413793103448
2011-08,-0.4044989358471289,0.0131955638459521,-0.1580634748098469,0.3632652674478464,0.761475571533187,0.2675661914460285,0.607114264823264,0.2365430622009569,-0.5163121490639134,0.6470308836371523,0.8905868425308882,-1.1778438653404917,-0.6548876868415395,-0.1038803494792687,-0.8565763873940706,-0.2191039374632915,0.7828163771712159,0.3769230769230769,0.823076923076923,0.6609387923904053,0.3061480552070263,0.3807511737089202,-0.08599078286298989,0.07392066481882509,0.6694915254237288
2011-09,-0.6178899016783661,0.6250432653350345,0.244703749360575,-0.3184391947734918,0.7389653942470332,0.4598997493734336,0.5636389183930927,0.8864306784660767,0.4897426446833201,0.3527870190696803,0.3813478346425317,-1.645609091636488,-0.8279486411785342,0.1104136008461735,-0.7981736739359562,-0.0420617487247156,0.9287518037518038,0.4924242424242424,0.9318181818181818,0.7843314093314092,0.802439024390244,0.7017463235294118,-0.05342198388484454,0.09183833564402266,0.575
2011-10,-0.7998801191162529,0.7357016300111054,0.2437038784506791,-0.5826849558820862,0.7242548403191381,0.8180246913580247,0.6386406924217867,0.9256993006993008,0.5116691002358383,0.5198680978373431,1.4896836871032328,-1.5746399976394487,-0.9110205986096616,0.5063823956296039,-0.7140796342068612,0.3614666990001003,0.9298624067164178,0.9328358208955224,0.4104477611940298,0.7577153296019902,0.8543400713436385,0.8706041478809738,-0.0193425989738798,0.02884543276601459,0.30327868852459017
2011-11,-0.7287666347870712,0.2550080649086914,0.1526930545832576,-0.5760883441301785,0.6585183040594024,0.4238813229571984,0.6344049335872282,0.8183649971214738,0.468617430168728,-0.7820382887651041,-0.2746373296534664,-1.5892247142618436,-0.8603703295885103,0.1063955778017629,-0.8155459943319496,-0.046098829004433,0.6480203619909501,0.7867647058823529,0.5808823529411765,0.6718891402714933,0.70707656612529,0.6597345132743363,-0.04548832898252342,0.029322521344153696,0.1693548387096774
2011-12,-0.1744973589331411,0.5328906261581025,0.01655510215951,-0.4790837369904559,0.6236131986625748,0.337248322147651,0.5964310940793539,0.7010807736063709,0.5086292333719937,0.2143346584223892,-0.1380660067571099,-1.7325998402828788,-0.8989820218990331,-0.126803884819833,-0.7310780576229978,-0.2974199820128181,0.502140974967062,0.8768115942028986,0.5144927536231884,0.6311484409310496,0.5973952434881087,0.5760208514335361,0.04253457914263592,0.04209691138812488,0.4365079365079365
2012-01,0.0280954447459272,0.6090468193441928,0.107202793777137,-0.3384975646047424,0.655108484988279,0.1343882853094,0.366671609140423,0.6973018549747049,0.0365675927354303,0.681448459388075,-0.6212469420835485,-1.7416309967145067,-0.8485063945755804,-0.0261741206097255,-0.5679530277461903,-0.1944831414937379,0.6127398720682303,0.2357142857142857,0.1928571428571428,0.3471037668798862,0.5038716814159292,0.5034129692832765,0.08762798444741104,-0.0028329642589636217,0.1796875
2012-02,-0.7057771743326448,0.2147765744989796,-0.0297800528514501,0.2436748208286893,0.8115499026519268,0.0146648044692737,-0.1402521910572706,0.4271817676486937,-0.1994033068262128,-0.6181751198206719,0.0561217540095948,-1.6807839630883217,-0.8874266988112419,-0.1433562054131016,-0.7244411252695868,-0.3129041688651507,0.7948943661971831,0.5,0.6690140845070423,0.6546361502347418,0.3685064935064935,0.2663590604026846,0.05519076029770442,-0.0333651429465005,0.23846153846153847
2012-03,-0.4807815102461149,-0.0044316999110955,-0.2124606509036241,0.5631502653812253,0.8120582648030117,0.0548920532843362,-0.2302419547714336,0.4780098955470038,-0.2861383022989427,0.2983603614499717,-0.1192670511825647,-1.5880333571654657,-0.9259525307908164,-0.2773439223706911,-0.7735297323248604,-0.4457836091158489,0.5191727053140097,0.4930555555555556,0.3125,0.4415760869565218,0.5074152542372882,0.2809405940594059,0.04754843906127193,-0.015204641804859365,0.2196969696969697
2012-04,0.4159448840356547,0.0578888428961159,-0.0281963583560719,0.6200344799432591,0.6930205183821097,0.2950634057971014,-0.2240213728693318,0.3294405214557306,-0.505021408057118,-0.1436570125695571,0.5983017821205223,-1.3959433296698327,-0.6973588261576583,-0.5293620253574964,-0.6624117625451882,-0.6781083903305168,0.3777397260273972,0.3767123287671233,0.2808219178082192,0.3450913242009132,0.0745341614906832,0.0948136142625607,0.009566370434080484,-0.04991285060848272,0.35074626865671643
2012-05,-0.1340473929444331,0.2801907698708254,-0.4884153747110996,0.6074478086658078,0.6771642628219082,0.0717158176943699,-0.3142988460690387,0.1749059645351961,-0.5216691504811842,0.6691111457198341,0.0168218766430036,-1.54047959829004,-0.8716996620938919,-0.2561620339174756,-0.7923920381320637,-0.4194667801776776,0.3520650932622763,0.6148648648648649,0.1554054054054054,0.3741117878441822,0.06947261663286,0.0043859649122807,0.018964533372995307,-0.0619589028776949,0.3014705882352941
2012-06,0.6346469695111112,0.7070318846644302,-0.3015687736026567,0.326148096727376,0.6984542120197855,0.1148082855883649,-0.3157873403087101,0.3836962294211364,-0.4343081483697502,0.7235625410071589,0.6075906806411846,-1.669109352052698,-0.8661195737502088,0.1013743024213669,-0.7609683589021567,-0.0659601869309591,0.4304166666666666,0.8866666666666667,0.0866666666666666,0.4679166666666667,0.5441468253968254,0.436128526645768,-0.13438512734679797,-0.1051593462828837,0.5289855072463768
2012-07,0.0019978466357261,0.7252589975063213,-0.1151186419419343,-0.1418563512524133,0.795976781275959,0.3916920400173989,-0.3958187369363264,0.6457457983193278,0.3986532222393782,-0.7475454358832916,-0.2774168878785888,-1.6577073277220225,-0.8160290559568184,0.2714052749662316,-0.890494073625123,0.1090434698789216,0.5208633741888969,0.743421052631579,0.1776315789473684,0.4806386685892814,0.2886297376093295,0.4414032382420971,-0.13518464788707663,-0.06877216329370639,0.5214285714285715
2012-08,-0.4078492351660442,0.7458369246244153,0.1177109578708812,-0.5812264043927287,0.7545207111635746,0.7118025751072962,-0.5274040043465614,0.581038961038961,-0.058882088253383,0.0806886680580233,0.1018183730733233,-2.1395374128401237,-0.8111549340349786,0.7148976423664649,-0.9651508853730746,0.522108623191633,0.6202614952614953,0.551948051948052,0.0324675324675324,0.4015590265590266,0.2957142857142857,0.417298937784522,-0.0505210113184984,-0.025556531008303907,0.8661971830985915
2012-09,-0.3983026130222036,0.7001174002426672,-0.3025471418327516,-0.4412477709910319,0.7677469260375172,0.5893689114781873,-0.3256415814253844,0.2790041067761807,-0.5097371240916676,1.4766401645229412,0.1570090001970079,-2.2193249908178716,-0.8958216939687823,0.6425406507883797,-1.0389188363516022,0.4359621246493343,0.3891025641025641,0.1346153846153846,0.0192307692307692,0.180982905982906,0.1607642124883504,0.2296793437733035,0.12918364881202726,0.06746556254979463,0.7291666666666666
2012-10,-0.2154629519341419,0.4846134586520141,0.026221522347233,-0.144204584396818,0.7321938964036774,0.4514847344207444,0.2595389817354923,0.2422470767666497,-0.5330489438010767,0.3548530947083623,1.0162351326239571,-2.162682425304535,-0.9796339008662104,0.6221682689748398,-1.1116687823892988,0.413123304987612,0.3132495003331113,0.2594936708860759,0.2341772151898734,0.2689734621363536,0.0737179487179487,0.3003676470588235,0.10778372946192549,0.05194642374170155,0.7602739726027398
2012-11,-0.293727890561327,0.7474801281371948,0.0730967944773738,0.2860067767369423,0.6569326204107931,0.1988026424442609,0.4348827859340657,0.0877766599597585,-0.4064429411742686,0.3018510802109937,0.7602821777577429,-2.1525384013549953,-1.0176646513357352,-0.172138099976582,-1.210042303397279,-0.4010353148175735,0.6121347402597402,0.14375,0.04375,0.2665449134199134,0.0085354896675651,0.2809558291093411,-0.04149993805936392,-0.021484855821016113,0.722972972972973
2012-12,-0.0599728948910342,0.645617373086346,0.0728411986817949,0.3036798194668645,0.7403464291729307,0.0772838499184339,0.3052541859141578,0.2819810851169736,-0.5492659582215456,0.3126942362407717,-0.4407090343421774,-2.03643413925883,-1.0104470788743174,-0.2233038794095408,-1.1996643813959431,-0.4460794575289745,0.7326685660018993,0.0925925925925925,0.0679012345679012,0.2977207977207977,0.0030864197530864,0.0552781740370898,-0.10514244966689601,-0.0837429880226862,0.14
2013-01,0.2187944423208289,0.5050450638592945,-0.2584930538373901,0.3639256419412671,0.5046950101310635,0.1387434554973822,0.027503893758018,0.2466732380482996,-0.5007851472435009,-0.3822001274277333,-0.1058550270213459,-1.9374643920715855,-0.6452972512865663,-0.4476335092727204,-0.7892025588575963,-0.6508408343424722,0.5215730163630751,0.0670731707317073,0.2378048780487804,0.2754836883811876,0.0229636048526863,0.0847398030942334,-0.056567612256978705,-0.08751858124302236,0.19078947368421054
2013-02,-0.2983746279006092,0.5319704017683725,-0.4948036692350498,0.2866053163800003,0.5004770052479982,0.3068814638027048,-0.382799934106224,0.2192682926829268,-0.6709946563070719,0.6900047542512457,1.7491846717434112,-1.989523813906796,-0.731859760348081,-0.3068535125762535,-0.7847999360604232,-0.5176003692206982,0.2850527108433734,0.4879518072289157,0.0301204819277108,0.2677083333333333,0.0229787234042553,0.0031185031185031,0.054534488299817996,-0.0220934397025232,0.21428571428571427
2013-03,-0.4975297019368871,0.4136653630019964,-0.016944782820118,0.3652978825192842,0.5818833658795496,0.3597560975609756,-0.6447088653316834,0.5067665538907685,-0.4877768190731575,-0.4835402674443855,-0.3633390767799401,-2.1110253302036233,-0.8178719651645652,0.1472461893748398,-0.8607535714790517,-0.0718698757954307,0.4211860670194004,0.5297619047619048,0.0059523809523809,0.318966784244562,0.092964824120603,0.0140218878248974,-0.002923253920975921,-0.12788895863077754,0.6730769230769231
2013-04,0.1925868822289376,0.638785517422079,-0.0168874286700343,0.4165418793763402,0.7669023805294851,0.6111542945977458,-0.6267417149083152,0.2697462900909526,-0.5046907378622054,-0.1405089858042651,-0.1528252375915781,-2.2357061578385085,-1.0381246302500124,0.3390172710492617,-0.9360284537756672,0.0988134072413845,0.6226327116212338,0.8176470588235294,0.0411764705882352,0.4938187470109995,0.0037067545304777,0.0016869095816464,0.007954972575359154,-0.0889750190240034,0.689873417721519
2013-05,-0.0766754113008107,0.7246262283921419,-0.016830652961637,0.2421541656414556,0.7906845938557427,0.5526315789473685,-0.5447383515502661,0.7828043581241118,-0.4652622311255179,-0.8333262412094113,-0.5271843268500751,-2.2113800290274015,-0.9858979318021714,0.3552787332922058,-0.9301145774481974,0.116785199359776,0.630638834407397,0.6918604651162791,0.005813953488372,0.4427710843373494,0.5683656957928802,0.0418882978723404,-0.09277586195604648,-0.12933138770135133,0.26875
2013-06,-0.2542862300197303,0.4832195816586834,0.0312907935697281,-0.2380566020537781,0.6663122739802545,0.587129840546697,-0.5844984356779716,0.80098452883263,-0.4653986975355503,-0.1578540934580926,0.2595793957412743,-1.830583622716656,-0.7545419270932128,-0.4373817652041765,-0.7634522661520553,-0.648366727534808,0.3198891625615763,0.764367816091954,0.0172413793103448,0.3671661193212917,0.5894276629570747,0.050786369593709,-0.018969377325774972,-0.011607049526414781,0.22839506172839505
2013-07,-0.2317601030195563,0.6726728877012342,0.3687772487869434,-0.4872533517520256,-0.1609322643570775,0.9476351351351352,-0.6263542913785267,0.8947979563399907,-0.5165137472021922,0.5775119091712466,-0.1483398193516195,-1.5676746673715969,-0.1200970841326004,-1.264400636745507,-0.2761749279797905,-1.4362514286655397,0.2115307486631016,0.8465909090909091,0.0056818181818181,0.3546011586452762,0.8626760563380281,0.0249029754204398,-0.02186584153920712,0.0303987445719629,0.22560975609756098
2013-08,-0.7218360128722219,0.3917739647263524,-0.0195389197565555,-0.5442659244565244,-0.5594742706338991,0.7126159554730983,-0.6856637592506262,0.6834482758620689,-0.559141041912328,0.7844721254614619,0.9567590374983694,-1.4909815515909193,-0.0293254358015972,-1.2183750348909992,-0.1405403255502473,-1.3761487517086368,0.2205709432976221,0.6235955056179775,0.0168539325842696,0.2870067938332897,0.6942307692307692,0.0401785714285714,0.09049182916038467,-2.315065807301231e-05,0.13855421686746988
2013-09,0.0776673386768999,0.3586702227962197,-0.2621135822365892,-0.5188069618136933,-0.5511678043896884,0.7422964049889949,-0.5550299830688296,0.3038233955393719,-0.6261872983983849,0.4701524927849208,0.0185082331728961,-1.5046054182895807,0.0161059788952812,-0.6286219218828241,0.0760792647524465,-0.7748108432847096,0.4238505747126436,0.4277777777777777,0.0277777777777777,0.2931353767560664,0.670196671709531,0.1713836477987421,0.07311718255572863,-0.06068294613897329,0.19642857142857142
2013-10,0.0065550103285878,0.2550345400836876,0.2742464282348874,-0.1379611372077843,0.1400036239255963,0.5731132075471698,-0.4692611982076531,0.5221019395579612,-0.5178496237693913,-0.1662108339619796,-0.5395861140796743,-1.605485554198298,-0.2568574786743717,0.2721467272248663,-0.0597076044601566,0.116221023097559,0.5297202797202798,0.0714285714285714,0.0054945054945054,0.2022144522144522,0.6385991058122206,0.0524844720496894,-0.010287728286633602,-0.07942475129486115,0.7235294117647059
2013-11,-0.2286130933511173,0.1058957535199747,0.0535806931521442,0.3141401608055076,0.6622900119205504,0.5168640114818801,-0.458520204666837,0.5368303571428571,-0.6590385851811693,0.6130344740239205,0.3647813572867568,-1.586985958161795,-0.2514099784241714,0.1299246085586282,-0.1166262690355325,-0.0273176717463954,0.3768014167073767,0.0706521739130434,0.0163043478260869,0.154585979482169,0.4322344322344322,0.01316595223515,-0.09318549641957219,-0.05394527738269328,0.20348837209302326
2013-12,0.0903151859131963,0.0290930827735842,-0.0151691930996173,0.531110531141819,0.583314946730765,0.2834575789847355,-0.4830512695920522,0.4303097345132743,-0.6109858953807785,0.4334328366673463,-0.2488439323344388,-1.282844175521674,0.2345488328775443,-0.2549432985475837,0.1102091138288275,-0.3668947652766113,0.1739247311827957,0.0913978494623656,0.0053763440860215,0.0902329749103942,0.3393501805054151,0.0178463399879007,-0.09303578060896966,-0.04797477743957679,0.21264367816091953
2014-01,0.1092855354918637,0.1730018835670922,0.0929929150368027,0.5983708737317076,0.4304293303480925,0.2607092696629213,-0.5802248907330299,0.3895221394125384,-0.6159186292244981,0.398814564670489,-0.5130071369446991,-1.3864831575321148,0.3852437180429975,-0.4335539178240932,0.2822919090000952,-0.5509763372646442,0.2913549216740706,0.3670212765957447,0.0053191489361702,0.2212317824019951,0.5167140825035562,0.0062724014336917,-0.02589585624227264,-0.04949609950349143,0.03977272727272727
2014-02,-1.359542613221583,0.1991299485074791,0.0286062707033925,0.3542864151436888,0.41900984007678,0.120354289683918,-0.628215661042415,0.2391398783666377,-0.6581309409151664,0.104904528212546,0.6643837952266283,-1.3784465181320789,0.2595583071517112,-0.3303656301112573,0.3005420327739754,-0.4522363563159791,0.3594107551487414,0.7,0.0263157894736842,0.3619088482074752,0.2859145059565522,0.0415929203539823,0.013731837159827176,-0.09055056742733691,0.0056179775280898875
2014-03,-1.0472788370440247,0.0621777481748347,0.0730275223858529,-0.1514284495359449,0.6165526738990186,0.1057791537667698,-0.3927042510996761,0.0661352865144334,-0.7059436616030316,1.569861930084992,1.5731689209066646,-1.4567228190307708,-0.0414048530226354,0.2747041835964554,0.0682382297025422,0.1385487998042595,0.4813508064516128,0.640625,0.0885416666666666,0.4035058243727598,0.1137621023513139,0.0224620770128354,0.06831403867306918,0.02004375734538022,0.16111111111111112
2014-04,-0.2147398909090735,-0.0033327558703802,0.0281455484336455,-0.5205603456397028,0.8190167575829893,0.0679033356024506,0.1628101543138546,0.1248932536293766,-0.6156934065953084,0.2629302979808606,0.2586158640609124,-1.4167760491601873,-0.0088550558439996,-0.0111463655413204,0.068023665675837,-0.1468269387287449,0.351858960298311,0.6443298969072165,0.0670103092783505,0.3543997221612927,0.200068166325835,0.0331412103746397,0.0403451212337973,-0.018952113437481488,0.3241758241758242
2014-05,-0.5949876688822042,-0.0290181943109246,0.0131268858122477,-0.2847974555073215,0.7928347389676572,0.0045485175202156,0.2919374265528522,0.0619974608548455,-0.6397372141994752,1.1704347169404692,1.079923265933491,-1.39118648557438,0.0376330810298244,-0.1585185948674088,0.084434879161499,-0.2923897115955605,0.5094253490870031,0.086734693877551,0.1071428571428571,0.2344343000358037,0.0863575268817204,0.0447038724373576,0.0059875274997569505,0.008455074875339363,0.44021739130434784
2014-06,-0.1886440348456868,-0.0393026963947943,0.0080936620353991,0.0641665095357319,0.7918784677289905,0.1805601867289096,0.1969619106706253,0.1033976510067114,-0.7051243960849113,0.2836617678994373,-0.1083556520090909,-1.5045732805834398,-0.316690991455187,0.0926213110421758,-0.2826909328145467,-0.0667985424501528,0.6227114898989898,0.0858585858585858,0.1161616161616161,0.2749105639730639,0.0904572564612326,0.0030951041080472,-0.05811568299391878,-0.020659299008839338,0.005376344086021506
2014-07,-0.3073436288252295,-0.0466659974585092,-0.0019476406381687,0.3575723690824365,0.7929468651386194,0.2190491911521954,-0.2520896363108214,0.0147609147609147,-0.67256306287122,2.0789561057407155,1.116092303982859,-1.635791157796808,-0.4090940792810518,0.3129988350300957,-0.3737316737873427,0.1383574006687227,0.7483762886597938,0.165,0.375,0.4294587628865979,0.0506535947712418,0.0141824249165739,-0.017738641477950234,-0.014812619010778016,0.10106382978723404
2014-08,-0.7292115229003436,-0.2556306652284457,-0.0371079309199705,0.5288633416291966,0.8519572277114623,0.3602941176470588,-0.477279169019623,0.0809641532756489,-0.5715443712885189,-0.9330555448679676,-1.2236432798796533,-1.732979228623896,-0.2061457773717627,0.4715620040374999,-0.238285290471264,0.2983842697068322,0.7403768438068297,0.4702970297029702,0.193069306930693,0.4679143934801643,0.117590206185567,0.0612637362637362,-0.037539647852048774,-0.1099447051912239,0.20526315789473684
2014-09,-0.2995208398576643,-0.2219154146955457,-0.1277009147456916,0.5204018492455216,0.7941068899068289,0.2508896797153025,-0.4386834430452511,0.0157271241830065,-0.7224741114348727,1.038777873686326,0.1829220801825245,-1.7157529116400785,-0.2759875856335807,0.3879945064049167,-0.2515348385508221,0.210556127190111,0.63732917409388,0.4264705882352941,0.1519607843137254,0.4052535155476331,0.0162110616656071,0.0228136882129277,-0.0641332767394911,-0.14591585365408088,0.24479166666666666
2014-10,-0.4130901342042635,-0.0928890915816201,0.1001382098984891,0.3398002104457808,0.7614002008134263,0.4897468760012816,-0.4012993696682783,0.2849331713244228,-0.7220249418513968,1.1829353570200607,0.2875723566694809,-1.9320219008723305,-0.3976269299085447,0.4632071784060993,-0.1804565224540745,0.2579964439175775,0.5310436893203883,0.8009708737864077,0.1504854368932038,0.4941666666666666,0.3707653701380176,0.1439312567132116,-0.09017856652924106,-0.09433820229672796,0.06701030927835051
2014-11,-0.3584184828339099,0.0957090896925578,-0.1942032239364818,-0.3053279355118675,0.7517949269952043,0.5233185279187818,-0.3041490056706888,0.2184991974317817,-0.3624070358581773,-0.711526476026687,-0.662879325396997,-2.0953034490255447,-0.6230446886040474,0.5821154642857782,-0.3208540951722024,0.3492918423162982,0.4619430693069307,0.7548076923076923,0.1201923076923077,0.4456476897689769,0.5742115027829313,0.3785145888594164,-0.11241972478913387,-0.12882345793976901,0.1683673469387755
2014-12,0.3140089155810291,0.0466202940862298,-0.127505418334055,-0.4598376600706128,0.8074606803250918,0.4973287240729101,-0.3280048689727761,0.5669056152927121,-0.5092350872440448,-0.5278751968733774,-0.8605622400725264,-2.1175459542037176,-0.6062614095244734,0.7152748658829581,-0.2971844146847833,0.4808112564640037,0.520798319327731,0.919047619047619,0.1952380952380952,0.5450280112044817,0.7551955990220048,0.6441701680672269,-0.1304423489850337,-0.18114145168335283,0.22727272727272727
2015-01,0.4678701099850351,0.2183688912531755,0.1125516677669206,-0.5246139737942693,0.7081700246562137,0.4744786803610333,-0.2256850201747781,0.5307935254638768,-0.7100259921206399,0.7356512026504746,0.1707727572492837,-2.0383944327732024,-0.4804888028882861,0.1344850562560476,-0.3387436071202646,-0.0975844556047012,0.4631113757098369,0.7688679245283019,0.240566037735849,0.4908484459913292,0.4689384800965018,0.8964174454828661,-0.2535937685649956,-0.30603764113903753,0.575
2015-02,-1.182240032871478,0.2938719237894617,-0.0974777604404602,-0.495642953010792,0.6919244152632088,0.7430641183723797,0.2759271480779825,0.4878574226400313,-0.6293141766675215,-0.2829212672651967,0.3740675692673214,-2.2150131098478516,-0.9731289037788726,0.248098007897374,-0.9912990916512964,-0.0273502707148346,0.568093997124371,0.677570093457944,0.3411214953271028,0.5289285286364726,0.4368295589988081,0.9306269270298048,-0.2441826061658421,-0.35046887208929134,0.6089108910891089
2015-03,0.0355908376273957,0.1806070869259633,-0.2100393846413561,-0.2828458558454395,0.6827517992109039,0.6260696821515892,0.4880290183505269,0.2665241057542768,-0.540313127873336,-1.098720893010013,-1.1938350359571552,-2.1285597090203,-1.010363015306252,0.2805203475679507,-0.8462659695174823,0.0095407654893184,0.5860449735449735,0.4212962962962963,0.1527777777777778,0.3867063492063492,0.1520329994107248,0.9122137404580152,-0.16925052127546492,-0.3632337612935155,0.8774509803921569
2015-04,0.4002633997566542,0.2598336372884426,0.0478002946559779,0.448642442659031,0.7314730552729144,0.4273387829246139,0.2943557311136905,0.1809946029298381,-0.6869098795810289,0.6249590196785096,0.5865319571740213,-2.3578542123562283,-0.9473588308298554,0.5847440337059142,-0.5006736182861397,0.2944290648994424,0.5135667301367492,0.6376146788990825,0.1880733944954128,0.4464182678437482,0.1809191390343222,0.8945646703573226,-0.06713901519975995,-0.3777349494044956,0.5388349514563107
2015-05,0.4612815399703523,0.0528401660920653,-0.1225884829680123,0.5966971590058476,0.6839839554184288,0.7415241524152415,0.0718037311315859,0.2311663479923518,-0.675974148745283,-0.1083036247097246,0.2141727493661259,-2.1108813160513873,-0.4047414095845507,-0.1808429475642873,-0.1225392910499181,-0.4348457865010612,0.3211767204757859,0.2318181818181818,0.1772727272727272,0.2434225431888983,0.2221264367816092,0.6073207171314741,0.05192446699324149,-0.32080898933097735,0.7163461538461539
2015-06,0.1783891877581848,0.1465375141453974,0.1312922505646722,0.6331323628561258,0.3017412593733923,0.8767835909631391,-0.324162684925889,0.0669829222011385,-0.655986511498644,-0.8360597176448206,0.0210977945063096,-2.180620223221008,-0.5082680370150449,0.0054878833832132,-0.145054200764403,-0.2608235699377564,0.3042417417417417,0.5540540540540541,0.2297297297297297,0.3626751751751751,0.0565340909090909,0.5266272189349113,0.03473101018572855,-0.3004642273657546,0.6904761904761905
2015-07,-0.4717563229975057,0.0969274919701544,-0.2322983243991934,0.3968391795756399,-0.00489561252765,0.7019740718915733,-0.4013281255447466,0.067557395558901,-0.669174561780743,1.301437070877634,0.2863966750912616,-2.0157239035831034,-0.0047776968286714,-0.7081817147002282,0.1277565777552306,-0.9467635454274598,0.3792390235910877,0.71875,0.1026785714285714,0.4002225316732197,0.1346801346801346,0.4539024390243902,0.07640133805997884,-0.318097034686593,0.33490566037735847
2015-08,-1.161169473746872,0.0117642792381237,0.1950329076713107,-0.1608417648586714,-0.1373743129787707,0.5872992700729927,-0.408710911095293,0.1666666666666666,-0.6634574063529104,1.2926446480838891,1.0750053438021772,-2.019617879457306,-0.0718448949339404,-0.1192224475951,0.1331379078337607,-0.3531704199509887,0.5254827031375704,0.915929203539823,0.0929203539823008,0.5114440868865647,0.2433481152993348,0.6706081081081081,-0.1031773355420813,-0.3671283284504322,0.7990654205607477
2015-09,-0.1720773364466833,0.2693970413036584,0.131853426533334,-0.5232729425905316,0.6695927186291853,0.5105613425925926,-0.0075697278284436,0.2501851851851852,-0.3486103577984757,0.0810619308690354,1.6337621259757011,-2.0789313938752216,-0.4224175138321414,-0.0290582303129113,-0.1555930212384569,-0.2882117330463812,0.5873044096728307,0.881578947368421,0.1184210526315789,0.5291014698909435,0.4460273972602739,0.9051600573339704,-0.10391981689773055,-0.3302036201855697,0.7916666666666666
2015-10,-0.1687181646436561,0.3270500883291038,0.3250544594061798,-0.6665079366271134,0.7310764415933086,0.5732931726907631,0.2315079534610683,0.1685042263873576,0.1879421579403086,-0.0187296502075142,-1.523881260734587,-2.2144157031275493,-0.5895910804670783,0.4420574978919339,-0.3488754671560787,0.1635349131897915,0.6877523291925466,0.8913043478260869,0.2217391304347826,0.6002652691511388,0.2965872156013001,0.7987228003784295,-0.12214309909179322,-0.342054163786214,0.7477064220183486
2015-11,-0.4149332334622111,0.1863198162621373,0.1299789225863098,-0.4836434167822309,0.8387430613715213,0.4505260164913278,0.2398345335640683,0.2032446226759023,-0.4782962150863607,-0.7270821284985995,-0.7905671305794899,-2.121236554784114,-0.6790472858311344,0.2449627504249249,-0.4608297938819086,-0.0335784417927365,0.5197398535245652,0.2543103448275862,0.2629310344827586,0.3456604109449699,0.1367773019271948,0.7230805243445693,-0.07177097438016478,-0.33814453584461546,0.32272727272727275
2015-12,-0.0340379145535433,0.1446945619764107,0.2137659858965951,-0.184926392791618,0.4975954286519045,0.4540456723992106,-0.2225961365512156,0.2647484618168657,-0.6180592373524556,1.2686221173968335,0.2377276752349247,-1.9519569932243193,-0.4733090932853945,-0.4478861311292905,-0.4360328749294176,-0.7106182567817043,0.579565901934323,0.3119658119658119,0.1837606837606837,0.3584307992202729,0.258739406779661,0.8538961038961039,-0.1454625620832256,-0.3417732778678032,0.08558558558558559
2016-01,-0.2184792272628293,0.2397252815944015,0.3291700341166505,0.1094510439041119,0.3419963157970396,0.3159586361095584,-0.3669466945418029,0.1789946140035906,-0.4003620578107205,0.3530623960247261,0.8900778403167512,-2.0454373093645364,-0.5976290624758381,-0.2800653681535722,-0.5743603948464275,-0.559274804417456,0.5995762711864407,0.5296610169491526,0.1652542372881356,0.431497175141243,0.1099476439790576,0.816574839302112,-0.17714243012881503,-0.2746634619423266,0.004464285714285714
2016-02,-1.1314141581421593,0.2687945283975679,0.1114040277886898,0.1292212787176771,0.4371436275125104,0.4631476863397062,-0.2828732159388191,0.1196504992867332,-0.3968386991959019,0.1231962898297526,-0.4422045281979893,-2.106973617252144,-0.6730256735061008,0.1926192933060875,-0.5693390286108256,-0.0931787928105629,0.8256121414082874,0.8697478991596639,0.1386554621848739,0.6113385009176083,0.1586314152410575,0.9378698224852072,-0.17074377818598252,-0.2738354977407603,0.030973451327433628
2016-03,-0.8412425323695444,0.2982669138872423,0.0792873052219504,0.0031194902486305,0.7009530300561354,0.4248213304013194,0.2688254291954872,0.4686614730878187,-0.5298215872576758,0.4814570202120248,0.4185605254691537,-2.189899219546565,-0.840422367808768,0.6252852758063666,-0.8098564423270009,0.324359911017239,0.6744123931623932,0.9041666666666668,0.3958333333333333,0.6581374643874643,0.6859928168291431,0.9258006314839874,-0.09857976540907554,-0.28577880399108513,0.4342105263157895
2016-04,0.0849666128869292,0.2122003116730923,0.0578066520390166,-0.1699741889659298,0.7683336567391283,0.3206595802671027,0.4958885435019946,0.5953970484891076,-0.6588667071351769,1.4553851203558263,0.6941659243702045,-2.159613817356954,-0.8121974851579317,0.2156188812240176,-0.7564683440705711,-0.0896113949591894,0.8113706401456786,0.1859504132231405,0.4173553719008264,0.4715588084232152,0.4015728056823947,0.7865118356409111,-0.08516710381436399,-0.28868101825197756,0.36086956521739133
2016-05,1.2588615453416494,0.3751086830106259,-0.0916021693384291,0.1075090199026145,0.6952095248968772,0.0850229791835631,0.5822702632851864,0.3590861527729334,-0.5950617581265607,-0.932142981010073,-0.2428101157234192,-2.126836932166212,-0.852354369331219,-0.0788597966040735,-0.7766758057401901,-0.3900819581454663,0.5743731918997107,0.0614754098360655,0.4959016393442623,0.3772500803600129,0.5454317269076305,0.702433628318584,0.08417994327212996,-0.25156889722699516,0.875
2016-06,0.5872493345862763,0.4974927117340887,-0.0325602227930739,0.3227336722290739,0.6684396466047084,0.117024128686327,0.5461169447261992,0.3246191135734072,-0.5842686761180497,0.561506856349941,-0.0315830629274693,-2.0695577087738872,-0.8922307929052199,-0.1934506352530793,-0.8495537479877199,-0.5043351789068056,0.7438516260162602,0.2967479674796748,0.3780487804878049,0.4728827913279132,0.163686040735221,0.5927224901359053,0.11642682604199006,-0.22938841582700586,0.8675213675213675
2016-07,0.3850524921045707,0.7364824147187584,-0.021754289110247,0.4773803345687407,0.6740575555560212,0.7764627659574468,0.4300538961029143,0.506701030927835,-0.5152916773531437,0.6006242821974638,0.7075016330988957,-2.257693504487852,-1.0731567676789386,0.2886065827301429,-1.1185265665465094,-0.0511407893491269,0.6506098373766995,0.5362903225806451,0.5362903225806451,0.5743968275126633,0.4113022113022113,0.5903169778549717,0.1546045579157831,-0.237001934670099,0.809322033898305
2016-08,0.7442641747837296,0.7797762245849934,-0.0646866756101793,0.5215456300695978,0.734826127170716,0.3098127143233975,0.3177411742422666,0.3158703071672355,-0.0573232537082355,-1.0383469336563436,-1.8287466257150753,-2.2596222364334886,-1.193682756086102,0.3281598139853191,-1.232044583738963,-0.0213308698862153,0.7315245901639343,0.388,0.684,0.6011748633879782,0.156934306569343,0.6597072750753337,-0.11085244307234754,-0.2579740533636887,0.8865546218487395
2016-09,0.7120970541282688,0.7392907442266186,-0.1076198811525442,0.5169835967931056,0.7214233118812826,0.2999738356881214,0.330956764552002,0.1058245851676261,-0.6377244018401302,0.4161449626243559,1.1627225152765317,-2.1435123761848103,-1.078937681563491,-0.0063062384698587,-1.2560367596315458,-0.3439573564767142,0.5154374758033295,0.0674603174603174,0.5357142857142857,0.3728706929926442,0.1826275264677574,0.6212702472293266,-0.13417311422421285,-0.2554056649737336,0.8458333333333333
2016-10,0.2926043115462035,0.8219354350106635,0.2438217178219951,0.5730585522414104,0.4757946396764352,0.5556853582554517,0.2521977824599292,0.0650638870208473,-0.689861229591743,0.4144353594201294,0.4338488173962399,-2.1855642822473995,-1.262510214929513,-0.2401714975102646,-1.3030600572409008,-0.599725634544034,0.5468789687579374,0.1220472440944882,0.610236220472441,0.4263874777749555,0.0512148642210576,0.6123785382340515,-0.0828480860702121,-0.202848282882933,0.9049586776859504
2016-11,-0.011990600899457,0.7473062670371393,0.0048457852518924,0.6489298774926708,-0.4193777473829553,0.7995106876126706,-0.3500560417471683,0.0936560934891485,-0.6347023876976461,0.0356830968346034,-0.2133617392252491,-1.9733840461075067,-0.9819102362707792,-0.6696851136225492,-1.0048939697071233,-0.9958707553754108,0.7690781250000001,0.76171875,0.51171875,0.6808385416666667,0.403066037735849,0.6589195979899497,0.08865931814272443,-0.12972613567015978,0.036885245901639344
2016-12,0.0524677352270907,0.5937587752322689,0.1568783611791343,0.4540330095235245,-0.5962226479910415,0.950038333759264,-0.5057111013489191,0.4033488063660477,-0.3970335343762439,-0.1732577886915749,-0.4139640074153716,-1.6628762806655144,-0.3744922944315456,-1.3638191111708975,-0.4625859440847387,-1.6269096358744617,0.7875138427464008,0.810077519379845,0.4922480620155038,0.6966131413805833,0.4852872489490892,0.7453300124533001,0.1381230104881348,-0.008305653362094656,0.1016260162601626
2017-01,0.5925880806397417,0.6427551471488918,0.2490111667786158,0.4209435384358377,-0.658966313451203,0.6948529411764706,-0.6607522627420805,0.1727033256503128,-0.6416984460344867,0.2497950715862492,0.7238289627373303,-1.7170171809698556,-0.4999752648696459,-1.1000543683483757,-0.4552783972652636,-1.3711308737870158,0.7535584494245912,0.9346153846153846,0.4653846153846154,0.7178528164748638,0.217391304347826,0.3172839506172839,0.16650818095054642,0.13006677403648825,0.14919354838709678
2017-02,0.1052266965001182,0.7025200034509844,-0.0572891743773868,0.4636755921466868,-0.5099811037367618,0.6728301886792453,-0.5332990848450183,0.3400392541707556,-0.5849038041416513,-0.2917594356461837,-0.8861696837203372,-1.6631690113789324,-0.4300623749863477,-0.8615447800141757,-0.3249049456675059,-1.1182268772332955,0.4946475429389313,0.7290076335877863,0.4465648854961832,0.5567400206743003,0.1358845096241979,0.3393877551020408,0.06337957333500932,0.11597769928246326,0.812
2017-03,0.5000834854571611,0.6865346404246233,0.0413472870577536,0.5644525761734865,-0.1189986408948436,0.4580314763927054,-0.4114990341800655,0.1084200260078023,-0.6794047909084096,0.2679813345014622,0.1585557862979707,-1.6414503700130696,-0.3651984831013162,-0.0598236464928282,-0.2887312253261977,-0.3038100315332374,0.8958333333333334,0.1628787878787878,0.3295454545454545,0.4627525252525253,0.0690595184007269,0.1739570676387201,-0.014113166650142617,0.08461998248962299,0.75
2017-04,1.012560435088662,0.6922900152757288,0.3100426688994136,0.697431988824339,0.4736280738675196,0.4894645513138324,-0.2498996535116036,0.063407550822846,-0.6468134423800824,0.8302133468913485,-0.5626710130260054,-1.633791006895421,-0.378839860254165,-0.3178964233214209,-0.2202072029096869,-0.564924201145071,0.8354395604395605,0.0263157894736842,0.3571428571428571,0.4062994023520339,0.0092176258992805,0.2136837881219903,-0.13496094199629804,0.06855787736719443,0.23228346456692914
2017-05,1.796141879084547,0.8385084413084135,0.0452504384813435,0.7934141518200346,0.3791798801807124,0.1733513779527559,0.0514068028388079,0.0360808210391276,-0.671103866838711,0.0494435717098892,1.6145238642082478,-1.6059117397939593,-0.3531853232325815,-0.1710532227643867,-0.2019097269513451,-0.4130797409548408,0.9317676882761764,0.1902985074626865,0.3097014925373134,0.4772558960920587,0.0033437360677663,0.2411389884508164,-0.0811980535498883,-0.054250644776705714,0.25390625
2017-06,0.449153857489841,0.6095940409460232,0.0506483505071256,0.7665656649152354,0.3910790643861272,0.3244200244200244,0.3445550025768608,0.0310509554140127,-0.5765536721542092,1.0867764678611525,-0.4011048730644089,-1.5836933478152282,-0.2291407927594076,0.0147256857104124,-0.0593455384186591,-0.2180947186999245,0.5957491582491583,0.3,0.4185185185185185,0.4380892255892256,0.008167770419426,0.3981444926964074,-0.09559978514135037,-0.12136602030493848,0.22093023255813954
2017-07,0.5184451756615636,0.5819162829808973,0.0560471747351043,0.7734005361148812,0.5751024729696564,0.467030303030303,0.1576618128954787,0.0238772928526249,-0.6656933239660316,0.0278148950215218,0.6519758687653467,-1.547368355217278,-0.2532012235929652,-0.2786889194699967,-0.2164217089310906,-0.5108602150051421,0.636374944714728,0.7463235294117647,0.2242647058823529,0.535654393336282,0.0019676432006996,0.2412915851272015,-0.02199952657640636,-0.09488482201033166,0.09615384615384616
2017-08,0.7320905686014969,0.634320052662292,0.0005011533902705,0.8036787271878515,0.5542227564203956,0.1237969201154956,0.0233730396710178,0.0246700188560653,-0.7124697488948623,0.7162682977195589,0.600569501312062,-1.521701398271633,-0.292087916456678,-0.2328471069806924,-0.2574862197046397,-0.4640852152703367,0.5054063623488397,0.3978102189781022,0.22992700729927,0.3777145295420707,0.0162548764629388,0.3332038834951456,-0.011479254299747832,0.051448491970532695,0.13358778625954199
2017-09,0.2125644233680669,0.7614973881630304,0.1226989659348094,0.6710755239150099,0.4555061796522925,0.080845474086458,0.3142159205742262,0.0666146645865834,-0.6785822583207438,0.6644201360740958,1.1209511897056643,-1.479980267980443,-0.1971230621838002,-0.4385710921940043,-0.2180530712231477,-0.6613156996857384,0.7378019323671497,0.5108695652173914,0.358695652173913,0.5357890499194847,0.0697424892703862,0.2530792917628945,0.017426426659410854,0.03247594292674583,0.011363636363636364
2017-10,0.5494273610642879,0.73172205776854,-0.0557931278881394,0.5600937606886006,0.3398114430657742,0.5630780175480199,0.3878395416103009,0.0742635658914728,-0.4363238522362921,-0.5553661905395153,-0.2115150392166621,-1.3837931879093466,-0.2910175675120862,-0.3801705416691051,-0.2891946216810258,-0.594200885907915,0.8019070038087177,0.5,0.276978417266187,0.5262951403583016,0.0219148936170212,0.1852559205500382,0.04173714477870649,0.028065347620275016,0.09398496240601503
2017-11,0.2956420332530174,0.539760121688978,0.0838971806093896,0.5554053058413269,-0.1873345741326052,0.7491760828625236,0.4832549958596994,0.034955343393902,-0.3699026881120946,-0.6045459080503154,-0.9462972715074838,-1.1610005853179146,-0.1308823332633024,-0.975031010480956,-0.5399730363389477,-1.152325828374806,0.5859358706986444,0.5035714285714286,0.3035714285714285,0.4643595759471672,0.0282462057335581,0.1638257575757575,0.07288419848366856,0.0362125724319331,0.13059701492537312
2017-12,0.6811681851332753,0.7430375614574067,-0.0114398180457805,0.5603496322430805,-0.5174935882383493,0.5894109396914446,0.1402465215865468,0.108782129742962,-0.6367991248398056,-0.206908803912692,-0.1408882196452621,-1.2482136923218627,-0.3651819725162085,-0.7532664506710808,-0.5532593613226823,-0.9529946017849652,0.4480804810360777,0.1595744680851064,0.5141843971631206,0.3739464487614349,0.035311324697033,0.1741826381059752,0.0594917191464992,-0.03885634358653978,0.2111111111111111
2018-01,0.4674616644523929,0.8757924926566902,-0.0450700498572667,0.489290023291595,-0.3639630807662071,0.0507078208401021,-0.2834314806386641,0.0001520681265206,-0.5653404523017637,-0.1422608672237988,-0.6682495154690223,-1.1880080944472418,-0.264115674543698,-0.6832060895656991,-0.662681009888617,-0.8687183226743646,0.3172433883878812,0.0528169014084507,0.5669014084507042,0.3123205660823454,0.0109821798590965,0.1005221932114882,0.04026812807894431,-0.0831923580336108,0.1801470588235294
2018-02,-0.7950257536336048,0.4653884160001977,0.0112743656479732,0.5341398467952737,-0.1028637214772087,0.8164746543778801,-0.4725905254511139,0.0560592323964944,-0.438526925526556,0.901404011436753,0.362544945054943,-1.02122342559623,0.1828347739486418,-0.6016365251559097,-0.2691585383534605,-0.7406818861605077,0.3192682317682317,0.1923076923076923,0.541958041958042,0.3511779886779886,0.0918241577649958,0.1126943005181347,0.04247382292062052,0.015840917795410414,0.19343065693430658
2018-03,-0.7292186659015458,0.6044361491853659,0.1127172640140108,0.3293248042461582,-0.0858074292645267,0.5014880952380952,-0.407238252261012,0.1804387019230769,-0.466741618406176,0.0970425640295432,0.4513454881047883,-1.051301698355815,-0.0337429355528472,-0.6789071550407754,-0.3438621526367538,-0.83300123879554,0.1811096335697399,0.4340277777777778,0.4479166666666667,0.3543513593380614,0.0432123929881777,0.209114296214627,0.022896128214770606,-0.002775885075006479,0.358695652173913
2018-04,-0.0842257623174341,0.6265963893517837,0.185902795514789,-0.1253263200834363,-0.3065074212970626,0.4902250511479882,-0.1545732527164286,0.2769483427888922,0.2797508949117271,-0.1825377280042825,0.6193112824715653,-1.1093247522276422,-0.2452699232909908,-0.3511446862223808,-0.5303347789572116,-0.5234916299302116,0.5132102962603204,0.493103448275862,0.4517241379310345,0.4860126274890723,0.0183912691996766,0.1715900802334062,0.007561368611195718,0.06785925322796826,0.32014388489208634
2018-05,-0.0331137704971084,0.4642787235398765,0.1684500117110146,-0.4517712737747191,0.345520184928822,0.5627681192142696,0.2703118551258978,0.1209198813056379,-0.2004795115570119,0.0718193868859607,0.2198173465504972,-1.0627847393984442,0.0532896705982309,-0.0420292774107519,-0.259228734715276,-0.1930142473556972,0.4285012932273206,0.4691780821917808,0.4075342465753425,0.4350712073314813,0.0222444889779559,0.2656532754252624,0.025176289879197622,0.1334499532098279,0.475
2018-06,0.1470764551565486,0.6864715639160487,0.1339732581958739,-0.3838633502510995,0.5818138777055875,0.2077354260089686,0.2211527433458104,0.0440742924528301,-0.5859090094155468,0.0242634263521906,1.1461071848644513,-1.0622007059140168,0.1240291781225921,-0.1037113664078826,-0.2494651188185524,-0.251556469306823,0.7434452947845804,0.4863945578231292,0.3843537414965986,0.5380645313681027,0.0137067938021454,0.2463195691202872,0.07917169836669702,0.18993342115031364,0.22340425531914893
2018-07,-0.0639034122633255,0.95872396502883,0.15072172461744,-0.4376518498263472,0.6018941704969164,0.2680400890868596,-0.3732038466242199,0.0001464986815118,-0.2451988634938796,-0.5350499533754204,-0.9764385736250084,-1.1441907372068756,-0.1502595663433002,-0.1194443897455785,-0.4495737151034863,-0.2930876947923949,0.6481477166821994,0.8817567567567568,0.3277027027027027,0.6192023920472196,0.0141843971631205,0.2293300071275837,0.12954312989399974,0.2333256638976693,0.0880281690140845
2018-08,-0.1874105903136418,0.974330543970252,0.1047259577939159,-0.5306338569836123,0.6350438756597634,0.2027206370272063,-0.5520037193042328,0.1020675596971461,-0.2450992492567096,-0.6779379382743467,-0.4693490125265084,-1.1324485157478548,-0.1142965501249132,0.2653066110443984,-0.4178237256643408,0.0947464001715217,0.7053990070791578,0.7885906040268457,0.2516778523489933,0.581889154484999,0.0390777647518561,0.2044570215776441,0.020825873011706353,0.1704914065115155,0.583916083916084
2018-09,-0.3139200333877341,1.014587537383838,-0.8789131710847726,-0.6102313212695497,0.8171250490861914,0.5807337434094904,-0.6027861907219721,0.1473821232282325,-0.5168566602333948,-0.1908971447785095,0.5963125879244989,-1.2960383449629185,-0.317931424337369,0.5616526019710185,-0.5662793149712225,0.3567982189812304,0.5277891156462584,0.7966666666666666,0.1433333333333333,0.4892630385487528,0.0234314484895429,0.1678947368421052,0.028132177360869592,0.20245435654610078,0.5868055555555556
2018-10,-0.1889060473943426,0.976104223059968,-0.2974931052165454,-0.5974585812372604,0.7629370315346194,0.5895896988214754,-0.6739312095618545,0.0945051783659378,-0.6653602960450908,0.2660743700972046,0.6620794231268574,-1.24539289841463,-0.4550422872685094,0.1679521888420559,-0.6960295397992641,-0.0369626027127703,0.6043381958117058,0.4536423841059602,0.2019867549668874,0.4199891116281845,0.0151864667435601,0.2215057511327988,0.010116525923934638,0.19588961687046913,0.4793103448275862
2018-11,-0.6438983911116062,1.7551930158243934,0.0701597027438391,-0.623442624025732,0.6615274009642652,0.9127465857359636,-0.4167702259546997,0.1373249499857102,-0.3783939815739882,0.4250710900344172,-0.1725032561489172,-1.3126547090345817,-0.6738393671397447,0.3246971042503902,-0.8405919173095171,0.0985721484201139,0.9069343871423526,0.6151315789473685,0.2532894736842105,0.5917851465913105,0.1038490853658536,0.3720608575380359,0.026469011413198684,0.1198535299593273,0.3664383561643836
2018-12,-1.0400896255933665,1.3836463682406126,0.1446964568882494,-0.6309003314944673,0.6576072146287998,0.5538444970923971,-0.2332650982261412,0.0683238636363636,0.4014148009960679,-0.4119961203336472,-0.8671486093077684,-1.3686508817311192,-0.9380468103166304,0.0291007936285893,-1.1283452064864097,-0.2193653359612147,0.9242156862745098,0.5392156862745098,0.2516339869281045,0.5716884531590414,0.0523629489603024,0.9267078613113628,-0.11296945281644089,0.0067221164404951406,0.8197278911564626
2019-01,-1.9075558263360004,1.3672389822048814,0.0234104664921485,-0.628153015609275,0.6742744085120402,0.5069533590072742,0.2721884986853937,0.098474145238768,0.0100290097566572,0.4343357903509044,0.3991488595474822,-1.4196391512877191,-0.9749826121998396,0.6219600604401861,-1.3612695344689396,0.363706336052186,0.9309473638943838,0.4967532467532468,0.3084415584415584,0.5787140563630631,0.1859984984984985,0.8978512960436562,-0.23401266929351183,-0.11942289615480839,0.5236486486486487
2019-02,-3.3558750711287035,0.3951243649588501,-0.1036419587156386,-0.5039379016402564,0.7313110782508234,0.5252922422954304,0.636824538769206,0.0546348314606741,-0.053069889031982,-0.5367459345885794,-0.174133561470779,-1.410498379348824,-0.9347231814639676,0.2187247864433304,-1.1659298622425631,-0.0374280529281264,0.4531090831918505,0.4225806451612903,0.3064516129032258,0.3940471137521222,0.0160148975791433,0.5692516085336945,-0.13193847082418375,-0.06750486554572188,0.9630872483221476
2019-03,-1.19746623828861,0.2855656764868173,0.0296724871266485,-0.2279394676561953,0.6301348757635274,0.1932178322417071,0.7250468895398612,0.0392567756356524,-0.4645251144758781,-0.188168227954653,-0.0305987991958066,-1.4056226110920402,-0.9871261749405048,-0.1920588256740856,-1.21460438310719,-0.4517792297849932,0.3339303670186023,0.4967948717948718,0.3237179487179487,0.3848143958438076,0.0005547337278106,0.3701211305518169,0.021270845704511876,0.005122532862642526,0.9433333333333334
2019-04,-0.5801601486702688,0.3411724148332138,0.162985918933937,0.1530737240833169,0.5654515959541415,0.7286943744752309,0.6934317297755476,0.07125,-0.5234285685661132,-0.4764773086303471,0.0273242665898172,-1.5099873848780407,-1.2134756012597891,0.1259308664273262,-1.302323294052465,-0.1611920742858993,0.2869654231119199,0.7229299363057324,0.2898089171974522,0.4332347588717015,0.006788990825688,0.2136652188439692,0.18523806663744447,0.035860977406550365,0.3609271523178808
2019-05,-1.7543297270030058,-0.0086510645736187,0.0231163354041371,0.5899948353481855,0.6538048162207469,0.5672715894868585,0.6013112871212267,0.028307097486882,-0.4473578864295081,0.875882022887042,1.2455426920932904,-1.4697227848788694,-1.1400755084493366,0.0583184622352196,-1.2547781258498214,-0.2205115970252175,0.3018272764393629,0.819620253164557,0.2879746835443038,0.4698074043827412,0.0012745812090313,0.3281353682813537,0.12977436410488874,0.02763701029715171,0.03618421052631579
2019-06,-0.5766291826953198,0.3206970222956838,0.1570473439149729,0.2897489135937375,0.754197180378843,0.7862176165803109,0.5995669070819204,0.009470216854241,-0.34450756056232,1.0000264050174128,-0.6433787677284424,-1.5576829108637096,-1.2007166932850335,0.3301338001858248,-1.433036110348155,0.0339918323761759,0.5835449927431059,0.8584905660377359,0.3679245283018867,0.6033200290275762,0.03125,0.8448616600790514,0.017632462497837897,-0.05219408572599793,0.6895424836601307
2019-07,-0.4747626141072245,0.1395103934006797,0.0632740425876061,0.0330349904181196,0.7658005860223891,0.6954685890834191,0.5882880834634773,0.1879606879606879,-0.5093354996844413,1.0354370102099368,0.6692340336805822,-1.6122487330670352,-1.112296808184149,0.3559466847098724,-1.3352208275127735,0.0545344777100374,0.7255871815286624,0.684375,0.615625,0.6751957271762209,0.3726685796269727,0.6765379581151832,0.008392790535312722,-0.07524138391098667,0.6266233766233766
2019-08,-0.4587091775141599,0.387043814733516,0.1099432391716929,-0.4451951329361452,0.7778879748546287,0.7252353663528449,0.6539673286778229,0.3168249660786974,-0.4588256696554057,-0.4164470982975871,0.380276190970365,-1.721842298778791,-1.1220678953278431,0.6855664964418094,-1.4056801854518894,0.3658853927397627,0.8091732840632125,0.6490683229813664,0.6490683229813664,0.7024366433419819,0.2019572953736654,0.3957115009746588,-0.03980873610162161,-0.033402164039138205,0.43548387096774194
2019-09,-0.1973718020384931,0.5384677867429948,0.0921024873543225,-0.5167842966600402,0.8380591190960779,0.935224730526744,0.7441502019327274,0.4438899379552198,-0.1075773797665093,0.172297971480054,-0.2429538957358024,-1.7673703678041643,-0.9478215191666682,0.4818972451525912,-1.3661531481117235,0.1621793090619506,0.7472921034241788,0.75,0.7932098765432098,0.7635006599891296,0.3335098870056497,0.4551612903225806,-0.020847617548287234,-0.09734717043344421,0.28525641025641024
2019-10,0.2118463168870226,0.3014077106805007,-0.0021419939055845,-0.4223597341923316,0.5758088680208312,0.7486355366889024,0.7717455409812859,0.4806815132814596,-0.4498491684869494,0.3565329627195366,0.2906233317482914,-1.6716620142859946,-0.9898250122113744,-0.0053165046393402,-1.2036204193119782,-0.3154089717951689,0.3082726226993864,0.7638036809815951,0.7515337423312883,0.6078700153374234,0.3306451612903225,0.6663461538461538,-0.016706458016603087,-0.09979774436211475,0.30254777070063693
2019-11,-0.0379845689478098,0.1025241837443409,0.0037532560642639,-0.0197689043706334,0.0402584910681742,0.9261751707513056,0.6194007033215768,0.2233333333333333,-0.5438236526712329,0.6688401517906728,0.4110986992933393,-1.5050375800646472,-0.668637841088692,-0.9937106582774752,-0.886679956979528,-1.2657240678855997,0.1404427359490986,0.1859756097560975,0.7347560975609756,0.3537248144220573,0.209391304347826,0.5964047088768692,-0.023890878573232466,-0.08082469714911877,0.3069620253164557
2019-12,0.1941446423543774,0.2030891310991694,0.1867566859052135,0.3294728786423594,-0.6143913295498429,0.8605231629392971,0.3797267334475732,0.089787798408488,-0.6325724691211512,0.7147992698138144,0.4170676694406128,-1.5654472661552197,-0.8046687134841155,-0.5023710839277118,-0.9344606023659237,-0.7890010954971423,0.2280303030303029,0.1909090909090909,0.6878787878787879,0.3689393939393939,0.0419689119170984,0.623300663926652,0.029878509639727824,0.04801661429560067,0.09119496855345911
2020-01,0.5395317538829372,0.0292307868280475,0.2869094799940601,0.4878674575630364,-0.4365242265374526,0.5883111728517563,0.002404220909702,0.0017145871801635,-0.4026420875073455,-0.6508052165084348,-0.3825392588988152,-1.5503764375424562,-0.6481384363063485,-0.5506018148054918,-0.6953596088506445,-0.8275578364535093,0.4467902283982556,0.1415662650602409,0.677710843373494,0.4220224456106635,0.1853566529492455,0.2774811557788945,0.04553763102330466,0.22873485770761137,0.203125
2020-02,-0.1338190235951565,0.3092861994390101,0.0668922141572901,0.698542025549579,-0.0321575421836837,0.9044378698224852,-0.2156890917315821,0.0940451206715634,-0.5694888089151781,0.7173513091431429,0.7261689218935974,-1.5998292871210582,-0.8307232117757294,0.3328403005848652,-0.8984528562487003,0.0380988372784968,0.8469493938951366,0.7395209580838323,0.6916167664670658,0.7593623728153448,0.2315287708546135,0.7101404056162246,-0.05423239643658195,0.0014569177571335246,0.8540372670807453
2020-03,-0.3190495303375818,0.679711581273273,0.0608055528766541,0.6245736580811596,0.6008796794229565,0.9722494606785644,0.3175301668932974,0.5856173322892195,-0.3904835749356338,-0.7117566443844219,0.2420965016665814,-1.722650413258601,-0.8687251271357577,0.4855275077433694,-0.973476605544752,0.1679460022365603,0.943262987012987,0.7410714285714286,0.6875,0.7906114718614718,0.7395128552097429,0.9024503722084368,-0.10731488975205383,-0.08393661602200153,0.8240740740740741
2020-04,-0.9359225958188144,0.9681289016583252,2.394633686406246,-0.2041064512117077,0.4798617546445764,0.996783625730994,0.5580223105884123,0.9567869192836752,0.5963426068228975,2.064442092628054,0.6760586111861755,-1.6325429296579894,-0.0953640031373561,0.054162310880855,-0.2079917787982975,-0.2116116763264141,0.8241338133599486,0.8846153846153846,0.7130177514792899,0.8072556498182077,0.9205842847548692,0.998305606900801,-0.4081882061674963,-0.38646943533673506,0.9785276073619632
2020-05,-2.7975508702358347,0.1553102480135525,1.2168977752045604,-0.4035165848992482,0.4442835132757576,0.8853682170542636,0.721617543766246,0.8604801239029427,0.6197549849488978,0.3025009717105892,1.948207358819298,-1.6521064084843542,-0.0231295820554771,0.141495056181618,-0.1136679372090494,-0.1252290955624108,0.6370288834096514,0.6323529411764706,0.8852941176470588,0.7182253140777268,0.8297765921973992,0.9891337618610346,-0.39105946714316286,-0.46022167920639956,0.9786585365853658
2020-06,-0.7502859463114323,0.0300870144433944,0.7158307949479931,-0.4178990245058016,0.4150660699105833,0.5315931419764978,0.7587744288487749,0.5237544940934772,0.5735387867792361,0.4633188036351553,0.7939262101628259,-1.7351194754591592,0.1367544658551837,-0.0278235361593031,-0.0041930850227238,-0.3014683788859612,0.2754020467836258,0.7982456140350878,0.9093567251461988,0.6610014619883041,0.55498509440212,0.9498022512929724,-0.25895212574834003,-0.33291551872233993,0.996969696969697
2020-07,0.3913802637587864,-0.0864467910760773,0.4541693797333709,-0.2428478770211052,0.3916748358811924,0.6641447998467727,0.6815909772563478,0.2728549540347293,0.5311121502308065,-0.1844992650037213,-1.007963113060834,-1.7113482662618975,0.1261240313869977,0.2273414154276093,-0.055875351450125,-0.0447094101581596,0.2421305215357094,0.1947674418604651,0.8168604651162791,0.4179194761708178,0.6461690233475831,0.919159867029314,0.11560086739142972,-0.3212414482394861,0.9487951807228916
2020-08,0.3993151814220766,-0.2459126014100037,-0.1197213647204605,0.2191992685001684,0.6438779509852001,0.6512757044935262,0.6567891663792372,0.3693499238191975,0.3952128399744717,-0.5120585041842225,-0.1006233143066195,-1.7483314661084377,-0.0501910830078596,0.0759739930781333,-0.1502183254695542,-0.21278617447913,0.44745834750085,0.2398843930635838,0.9104046242774566,0.5325824549472968,0.836598106431603,0.7779945962173521,0.24893101825932407,-0.2979045809206533,0.7994011976047904
2020-09,0.6210540384553054,-0.3388192608415184,-0.3206372379500829,0.6086312383628208,0.5007384172197756,0.7526973310618966,0.6608676298278422,0.7669866127810053,0.1847148943945351,1.1526600029415277,0.4011096015173757,-1.6193363344259095,0.1315221167038543,-0.2475454062544445,0.0821731626322258,-0.5077154411597046,0.6086660617059891,0.1867816091954023,0.8132183908045977,0.5362220205686631,0.8289559014267186,0.4540572792362768,0.11608898600604167,-0.23962229410572222,0.008928571428571428
2020-10,0.9374008944010724,-0.1984615929259711,0.1958530252141864,0.7588128156527065,0.1282142800190264,0.3347449651797478,0.5658865331461151,0.5933417085427136,0.4858568449676236,-0.8044955647156169,-0.2360331339218861,-1.672440149777002,0.0844442540271983,-0.1880830818806208,0.1064788613434322,-0.4606795816958353,0.8534136212624586,0.26,0.7971428571428572,0.6368521594684385,0.7560386473429952,0.7715683367921732,-0.009308890354379207,-0.31613497484311515,0.7485207100591716
2020-11,1.3738945636642352,-0.0164651287739645,-0.1491036098018728,0.6814825422076776,-0.1299377661922003,0.6303330838323353,0.3305930335588385,0.3222138930534732,-0.1177722359184692,0.9323268347708064,0.2794055165083584,-1.5781903997295814,0.287476944823402,-0.5798027132664529,0.1890451299103272,-0.8276009129145102,0.7676448370993169,0.065340909090909,0.7301136363636364,0.521033127517954,0.7993284298049248,0.9497790868924888,-0.08810275227758624,-0.3440908744289358,0.7147058823529412
2020-12,0.9024997280043864,-0.3832205946508905,-0.2975963353532409,0.6661732044806521,-0.4217294131892698,0.5700595459620394,-0.1248224947870493,0.5080805569368474,0.0156918439827156,-0.1521105692091133,-0.17076896207496,-1.5023871408945868,0.5687404716048613,-0.3607353780990627,0.3883553617450499,-0.5825738246206937,0.3184054159360998,0.0254237288135593,0.6807909604519774,0.3415400350672121,0.6347314903082301,0.8339677891654466,-0.03469688763339851,-0.28729946376812066,0.8976608187134503
2021-01,1.2673651165858384,-0.6698746949802624,-0.1239727401871192,0.6737113558623437,-0.3827176296416724,0.4581868640148011,-0.5509941013254198,0.2543273986152324,0.5261314545568069,-0.9762651000691284,-0.4918514868205715,-1.4934951545777957,0.593315776197527,-0.4740993195490653,0.5751889782583012,-0.6938387351361448,0.4062038523274478,0.0308988764044943,0.7331460674157303,0.3900829320492242,0.6970653202903124,0.6172534186790806,0.09078169149039117,-0.2865417496626491,0.8226744186046512
2021-02,0.4299911661089155,-0.820364680414553,-0.6675360370516996,0.6618803588241488,-0.625638551445743,0.1251839587932303,-0.7020161949688624,0.4217327098203298,0.3291700734012941,0.3627797112417573,-0.573056933928114,-1.492940858419464,0.5393037785542688,-0.3415536143586496,0.7585469821190959,-0.5649111623472443,0.3955450101574402,0.3491620111731843,0.6061452513966481,0.4502840909090909,0.6894604767879549,0.67578125,0.24569078437561176,-0.13608803047042295,0.2398843930635838
2021-03,0.93999669019282,-0.7468433521400167,-0.5159713047561997,0.732120288276533,-0.6467413802490449,0.7645497803806734,-0.6602953426748935,0.5545075943165115,0.2106575857966299,0.2287205950763389,0.2225750793882219,-1.4022798151762017,0.9572963526052516,-0.4681082632935023,1.1972539705828895,-0.6555403586926117,0.7035075329566854,0.6083333333333333,0.4416666666666666,0.5845025109855618,0.7101652634861241,0.7359712230215827,0.24198652393653175,-0.008424749734565862,0.22126436781609196
2021-04,0.9066407462980476,-0.7053395986341482,-0.6224876901080003,0.7003166437852903,-0.659546979478421,0.92147406733394,-0.6424946386716658,0.5190012180267966,0.3996022193900831,0.6145540508879969,0.602267678920793,-1.2987999616544508,1.158036954723544,-0.7921810254020325,1.1419569166024852,-0.9513631892268432,0.7657908622509156,0.8204419889502762,0.4889502762430939,0.6917277091480952,0.4438080495356037,0.8018867924528302,0.1786529706835367,0.4209241772170502,0.6771428571428572
2021-05,4.04880286875455,-0.3372737288304334,-0.848709300883683,0.6182684657628978,-0.6298729413468349,0.8279638009049773,-0.5444169716789903,0.2126757149781871,-0.3803281314784082,0.1135012097879967,0.8905454974062645,-1.2735804724579076,1.2625391770791838,-0.8746407493716619,1.3306499013060384,-1.0237906325278388,0.8947525937749401,0.3928571428571428,0.4313186813186813,0.5729761393169214,0.265990159901599,0.6248579545454546,0.16202243923951398,0.6485765685710836,0.5994318181818182
2021-06,3.1095841401004796,-0.3117025049858508,-0.2874411567966989,0.5177173923621802,-0.5780372855610691,0.5627249820014398,-0.0617844813223092,0.1706464061746261,-0.2165047956190696,-0.9043270907687952,-0.380386029614989,-1.1988755678780612,1.3762541756443476,-0.7076046586041743,1.21550118238003,-0.8387112541657535,0.9724271402550092,0.3852459016393442,0.5218579234972678,0.6265103217972071,0.3768337408312958,0.4738700564971751,0.08608865574615399,0.4532645839102871,0.3983050847457627
2021-07,0.4247942592508872,-0.2686976327251476,-1.188975772445985,0.4388500054456077,-0.2929634901991397,0.766827783745077,0.1553995247102536,0.2683541266794625,-0.1976340225363242,-0.3056866602075377,0.0954728817047852,-1.1929521213209848,0.2135860781144009,-0.520084501187124,0.2629938744912734,-0.7099164713028426,0.9614385659380252,0.529891304347826,0.2853260869565217,0.5922186524141243,0.3664238008500303,0.4365524985962942,0.16548123867392261,0.484456061778582,0.1601123595505618
2021-08,1.0654311195923694,0.1429000978931999,-0.4019522783318744,0.5165698102768325,0.3405975144457187,0.8535695210966708,0.4170143117000724,0.1705657674862735,-0.6084951210294377,-0.3101003253162948,0.1418522560047749,-1.2499330532108532,-0.1532870110754867,-0.1773397260108977,-0.3132662566518357,-0.397448460878235,0.8903103653103653,0.7108108108108108,0.1756756756756756,0.5922656172656172,0.2962292609351433,0.4405526095450739,0.10101938200254867,0.4533346743535933,0.2206703910614525
2021-09,0.4392435075987312,0.0829600784280831,0.0986209511599002,0.2364130264141932,0.6661374790275741,0.5615262039660056,0.4859731930114715,0.2765376395155545,0.2202792972255197,-0.6093283752414201,-1.174814207061304,-1.235417831578848,0.0306027857065505,-0.174833999755482,-0.1275220413488364,-0.3837128360597078,0.8170059933016041,0.8629032258064516,0.1532258064516129,0.6110450085198895,0.3269403655978424,0.5044382801664355,0.04911745975732029,0.3660606526395611,0.46944444444444444
2021-10,-0.3066831029333796,0.0324613743149522,0.1587390269763591,-0.3405597586897504,0.3823307029766949,0.9046319126452976,0.3647878386202532,0.4115075614366729,-0.254753309961631,-0.3308476434056502,-0.1426655232981963,-1.0566400126453177,0.4509878663964111,-0.7721473285879517,0.2652110415542464,-0.9261444195386076,0.6606530458033015,0.8636363636363636,0.1844919786096256,0.5695937960164303,0.4669446098868374,0.6373414230557087,0.07728553270983385,0.6142095389041331,0.7044198895027625
2021-11,-0.2832279621375641,-0.0144699117818217,0.1161093864654902,-0.5243778006392739,-0.4479622832645227,0.9804694342266596,0.1831682172938171,0.3337644015988714,-0.4623858351218275,0.2440616401694567,-0.0938844679172529,-0.7568355433423117,0.2709283660232934,-1.7516160290183762,-0.2678895911360086,-1.8567963342594032,0.5118243243243243,0.6622340425531915,0.2207446808510638,0.4649343492428599,0.3863569103284995,0.6195503153276666,0.13019371670259083,0.8012442973404366,0.7005494505494505
2021-12,-0.428147884276788,0.2556115984556696,0.4428751983065784,-0.6923709345733516,-0.6519425871681515,0.9634953824708136,0.4465448999327716,0.3445250350959288,-0.585594194392269,-0.0511883875125632,0.227476825925677,-1.0010049932315848,-0.2201129207114336,-0.8001598496051392,-0.44722916409122,-0.9764539519812582,0.8037847755589691,0.7645502645502645,0.3148148148148148,0.6277166183080162,0.5398529411764705,0.964422028353326,0.04438690336176765,0.4779770587466601,0.9207650273224044
2022-01,-0.2299330924730511,-0.0165120504115041,0.36297791993745,-0.6067368565499971,-0.291162492556357,0.777209705372617,0.4343143062546533,0.0883379888268156,-0.0331398352543114,-0.6855665849143469,0.0934055695091961,-0.995173651726708,-0.1985209849820828,-0.0924390672552952,-0.3281061972319886,-0.2715843179094007,0.9706093442161554,0.5447368421052632,0.2342105263157894,0.5831855708790693,0.2550394390885188,0.7447846112164725,0.014731058579796175,0.501664876629647,0.8722826086956522
2022-02,-0.3840866299783431,0.0906862189476983,-0.2332563000882299,-0.5429813849179465,-0.079111330982085,0.7739182899500087,0.4969191903005137,0.171802594995366,0.2676137842711228,0.1902771423927148,-0.6345901542932768,-0.7521750270448495,-0.2298779090717929,-0.6660292220349998,-0.498570358438735,-0.801011031046051,0.973466915450596,0.7513089005235603,0.2591623036649215,0.6613127065463592,0.4411850130699971,0.7359202371328483,0.08600246182880311,0.5703381335098399,0.9378378378378378
2022-03,-0.6700581523817557,-0.0495760481055584,0.2237625761838715,-0.5439449039514307,-0.3713652121673597,0.9012695144964832,0.5489973245504717,0.2833910034602076,0.3225013296216394,0.2586209659638891,-0.0816879625834325,-0.7051089098342335,-0.1286292682894669,-1.1463854251496306,-0.3851351229446403,-1.264024179752964,0.7513847552910053,0.6276041666666666,0.5494791666666666,0.6428226962081128,0.7274696707105719,0.892627345844504,0.36166509773218647,0.6203958234308862,0.4274193548387097
2022-04,0.3655809751109414,-0.2424117679791401,0.2415988101895609,-0.5400558759468758,-0.6978142203538038,0.9954778156996588,0.5922885249249465,0.5042450665442864,0.1126767146686371,0.5145069929240816,0.7026235778132361,-0.4616397777295024,-0.3037411547229406,-1.3725328364672482,-0.7807963939648701,-1.4544868104191295,0.5528156531224433,0.6917098445595855,0.5621761658031088,0.6022338878283792,0.6862266857962698,0.9195310418332,0.35633517474510135,0.7280411991587938,0.4893048128342246
2022-05,0.4481887936819594,-0.1654038683911509,0.3083091782719251,-0.6063661277610267,-0.6997247171642869,0.9769949066213922,0.6375694456559924,0.3555276381909548,0.1254710874108937,-0.5895591248533827,-0.3744094708145671,-0.2636375115620895,-0.1912980713390872,-1.773250399154622,-0.847088591896154,-1.8113055009982328,0.662485831489178,0.8788659793814433,0.4819587628865979,0.674436857919073,0.6637660485021398,0.8888152663662868,0.2856381485931836,0.7373903828846258,0.4015957446808511
2022-06,0.4240968401522981,-0.1215711324543673,0.4055850528114158,-0.6514180832054391,-0.643990289220632,0.9600574227326464,0.6174675051959513,0.5504660150034099,0.2458371634170211,0.2161111011753012,-0.1324726579256729,-0.2106515796796275,-0.110907806820698,-1.7143211432630725,-0.7973669281839185,-1.7392063085003888,0.8151642628205128,0.7564102564102564,0.2435897435897435,0.6050547542735042,0.4712138400453772,0.8562203479177649,0.21299543844156044,0.8097350818392266,0.03968253968253968
2022-07,-0.1943690531254251,0.4224564523449788,0.2514050570753556,-0.6521138895376734,-0.662484878829128,0.9807595362124012,0.4735510318284676,0.2736425339366516,0.2796861759176348,0.4419176237529537,0.078092922825144,0.0380715790427837,-0.7840325668242718,-1.4339934833539172,-1.4612432623868514,-1.4523574566545288,0.9197089457544676,0.9260204081632653,0.3852040816326531,0.7436444785167953,0.6508316887510572,0.8429882044560943,0.1010419358028587,0.6324980307994579,0.75
2022-08,-1.2520512570906366,0.2061874927370127,0.8834994143298519,-0.6358026647108489,-0.2385389174934604,0.979856235372785,0.0498950056368659,0.3077702702702702,-0.0744914595686641,0.5850087563946613,0.8875253929601064,-0.3292184420729276,-1.0222528972417788,0.4990170614892593,-1.3525341812952398,0.3889997559369327,0.9974423046731906,0.7233502538071066,0.2309644670050761,0.6505856751617911,0.4112699747687132,0.7964797913950457,-0.02011187474070275,0.5462472622706362,0.7198952879581152
2022-09,-1.3642843802383655,-0.2168253475250292,-0.0350471347978341,-0.5892497253182014,0.0651859609714534,0.9896058539830368,-0.4521601481887036,0.2158861752184629,-0.5291939250421027,1.6506754294941832,2.4204289564660644,0.1196818337366503,-0.8150326268678674,-0.8507091432757791,-1.60078267806303,-0.8626007519779818,0.9526223776223776,0.952020202020202,0.1944444444444444,0.6996956746956747,0.4604456824512535,0.8798600311041991,-0.06794037488383631,0.6078094842962789,0.3151041666666667
2022-10,-1.5067485602346076,0.0627185348392307,0.7284023361617391,-0.6123134140593197,-0.283563955357224,0.999917259639252,-0.3104901513032487,0.5059099018733274,-0.1338006883029034,0.0610789715783075,-0.4226841977999496,0.367246309115721,-1.3850020239106784,-1.9001535813035884,-1.9814688178558284,-1.8886242535960844,0.6965631730078965,0.9673366834170856,0.2035175879396984,0.6224724814548934,0.6460814178897812,0.9104150554266563,0.005424005425462619,0.5236004375245507,0.422279792746114
2022-11,-2.9095477105660357,-0.7766804440367491,1.7368263776499369,-0.6047016819439264,-0.6149103330351929,0.9944846888376688,0.1719677771796185,0.5197558268590455,0.3169527849007112,-0.0523606869328039,-0.4997161322094725,0.421890201057284,-0.9018989131645462,-2.478854305730849,-1.5086955251607432,-2.429476043481463,0.4900951776649746,0.9325,0.1275,0.5166983925549915,0.5564427312775331,0.8121794871794872,0.09447368631317654,0.4973777646069981,0.04896907216494845
2022-12,-1.528069157584654,-0.990056161441064,1.9507615532570872,-0.349227711725992,-0.5227172804119236,0.9461828309305372,0.2942169770339663,0.6538886433937251,-0.1367662768956687,1.295016812570485,0.942561400372074,0.0638231029853955,-1.2728527370680172,-0.0037520575882622,-1.742892120931952,-0.0549266621569415,0.5657507914970601,0.2711442786069651,0.3457711442786069,0.3942220714608773,0.3098822885299753,0.7819433817903596,-0.050450003106363495,0.4618102600720333,0.8692307692307693
2023-01,-1.043181372168121,-0.6949836516849576,-1.5534521782300432,-0.1776329865427077,0.2549437046236734,0.9386308068459658,0.3229450897083996,0.6277765559709698,-0.4034478596964391,-0.760595396585404,-0.473843618210308,0.0927814318296022,-1.1971667884299724,0.8781006402003995,-1.637505227573918,0.8272030544349492,0.6233954425593313,0.0074257425742574,0.3589108910891089,0.3299106920742325,0.389493739793141,0.6683155758498224,-0.12669806619576174,0.31124714985802404,0.8392857142857143
2023-02,-1.5934797985411102,-1.1355109323095045,-2.749300150524564,-0.0260264547618939,0.7113282415664353,0.9275867661368796,0.1274835533015991,0.353733304138384,-0.3438650779207903,-0.1371749593498651,-0.2381889289350863,-0.1886021343581017,-1.4423413892553445,1.881042891164798,-1.7364005459201646,1.763214984063034,0.8426293103448277,0.0073891625615763,0.5147783251231527,0.4549322660098522,0.3374390904168922,0.5914941948510853,-0.18065237454396355,0.129714672815185,0.5558375634517766
2023-03,-1.3234463700692027,-1.4924297014914565,-1.989892274856988,0.4184248498878977,0.6949311515952398,0.988295124313852,0.0577995129416511,0.3450719581334496,-0.1744078808649788,0.0973480539705199,-0.0923487320809746,0.1480522010586478,-1.125322265668811,-0.6147343583482284,-1.772169325942748,-0.6403083707771856,0.5426726660813579,0.7524509803921569,0.2524509803921568,0.5158582089552238,0.2131699434419607,0.4991208239135895,-0.03596188188991045,0.03493936541438347,0.49242424242424243
2023-04,-0.3280541991281887,-1.4035651784461904,0.7568014815163319,0.5057634779965141,0.5675634032909966,0.9525301204819278,0.3635652745610639,0.6184638750271209,0.0332400903803878,-0.2343624031610024,-0.2005624374169466,-0.2050304724999186,-1.2695099712926787,0.6021239797962166,-1.4121936278907876,0.5020416467253067,0.7206049263462931,0.6951219512195121,0.3975609756097561,0.6044292843918537,0.4839400428265524,0.643981018981019,0.016064242054077305,-0.01771231309661636,0.2638190954773869
2023-05,0.8829276647532542,-1.2790460317319212,0.0599699474780667,0.4658045144564412,0.5314316758367517,0.8334932054356515,0.5833318453038041,0.4752592912705272,-0.480678757956242,0.6623839705691781,0.6665020295891702,-0.1931701708358571,-1.2899096584836478,-0.540873522620204,-1.413428165561468,-0.6309721893215146,0.507981012960926,0.9441747572815534,0.4781553398058252,0.6434370366827683,0.4106524633821571,0.5054685558041263,0.019274115048637297,-0.10434446531383545,0.2325
2023-06,1.3626427954315607,-1.271575421141612,-0.0481275732509283,0.5423219586490541,0.3691782174392685,0.9269010499522748,0.6743647514385872,0.4256989247311828,-0.5164518300327033,0.2903750055453868,0.2979821237314615,-0.091999992004851,-1.3259983247545148,0.649459204035196,-1.3874191062937329,0.5643620191720025,0.4666986359761296,0.538647342995169,0.4903381642512077,0.4985613810741687,0.3256552819698173,0.6550061804697157,-0.0813951638491418,-0.21623752566291654,0.3407960199004975
2023-07,1.1328380446536557,-1.1259913912926975,0.0300964037206718,0.6123600495626442,0.0867953432065904,0.8403261557948069,0.4935466302854898,0.3854634981802612,-0.5205142907625663,0.0462355431833005,0.1287936531938083,0.0443093610856725,-1.2662468099672044,-1.079048884513117,-1.5612196615724312,-1.1253662971694305,0.3919148686679174,0.5889423076923077,0.4831730769230769,0.4880100844277673,0.1172985781990521,0.411091982292179,-0.048992586152633355,-0.15156467487777847,0.5816831683168316
2023-08,1.3815610500605602,-1.0668957557635943,-0.1204972134223707,0.60285717710263,-0.4780566861553644,0.8418938080983142,0.2831222431295396,0.1943082498401193,-0.5538172997076118,0.5455980381983894,0.2686667669309884,0.0659989026365479,-1.1807711827664804,-1.0873187272411966,-1.3494519540362866,-1.1257096415193943,0.287168439633948,0.0789473684210526,0.5909090909090909,0.3190082996546972,0.1262441068622315,0.2206314243759177,0.03783523352758977,-0.051378573696544194,0.7807881773399015
2023-09,0.6262516553399659,-0.8920032061849339,-0.1082080905341078,0.5426730389907645,-0.4173143698707655,0.8975384132957039,-0.219934661325847,0.0107127704709376,-0.3412800566891709,-0.5853094612690263,-0.0867299189300085,0.0998774039629063,-1.0539123816594953,-0.578233669098481,-1.2522039893894654,-0.6089997597320429,0.2144755003450655,0.611904761904762,0.611904761904762,0.4794283413848632,0.1029679770892996,0.1562423947432465,0.1746722558192566,-0.012226247176750471,0.061274509803921566
2023-10,0.5402082358822962,-0.7098096325685563,0.0732967658151173,0.47711682442896,-0.112848168571939,0.7897159800249688,-0.4374306695590906,0.0922053231939163,-0.4708752245111958,-0.6405745105769769,-0.2698389408315897,0.2230878022284957,-0.9493523915694388,-0.8263537954837238,-1.1381159143988866,-0.8300206544975592,0.4996980951512941,0.7701421800947867,0.580568720379147,0.6168029985417426,0.1726236726236726,0.3698232017437636,0.18635303090894273,0.0011137729529593354,0.041463414634146344
2023-11,-0.2559205862079543,-0.6430417435959435,0.2063624565539769,-0.1538683039617368,-0.5156796018613845,0.9426153129367916,-0.089479153578553,0.2911059714045416,-0.143037729286601,-0.6209736225764666,-0.8139809989884149,0.3906938777060235,-0.6286566105860089,-1.26652466867248,-0.8509513989389733,-1.223715103606573,0.7101821341518462,0.7900943396226415,0.714622641509434,0.7382997050946405,0.4008498583569405,0.6954950614309805,0.07521191049989762,-0.06807347780765283,0.5606796116504854
2023-12,0.7045520074669436,-0.5681903021884109,-0.5703661034338535,-0.3075276135552227,0.1954052683403911,0.950456021023342,0.4307436943734262,0.2534017165585095,0.2492876722310401,-0.4652456117692495,-0.1327860300262681,0.0146029738211312,-1.0507439929133544,0.4559476763799466,-1.2210156992180574,0.4030251540543841,0.9153420523138832,0.2699530516431925,0.6549295774647887,0.6134082271406215,0.2315573770491803,0.6238015340364333,-0.07602551445066263,-0.03883129051683454,0.7801932367149759
2024-01,0.6800367498464756,-0.4062795593992688,0.062552287982261,-0.120813001278774,0.5567035704018202,0.8519230769230769,0.5136956341283517,0.3446946007921617,-0.3514971429103701,-0.2262800323519399,-0.7496989349249799,-0.2858021924180256,-1.2373675507728663,1.8758842705453649,-1.4767991250959351,1.753851476009686,0.8398757585153032,0.0630841121495327,0.6191588785046729,0.5073729163898363,0.3695208970438328,0.5263597328244275,-0.14257211664980896,-0.017083519331588692,0.3581730769230769
2024-02,-0.4759170543998583,-0.1507206400990962,0.0259376524190414,0.2014969821426676,0.7345758632764192,0.8256775378961874,0.5471973803401072,0.1497509339975093,-0.3580267835544947,0.1122068853642836,0.4614131929976716,-0.1959521117802805,-1.0677385460811308,1.204611291809369,-1.303523609208629,1.112083661933282,0.7632240017551557,0.4069767441860465,0.4767441860465116,0.5489816439959047,0.182509505703422,0.5626631853785901,-0.051355364369297885,0.07898902567477184,0.854066985645933
2024-03,-0.404049561787592,-0.5214485664949039,-0.4860554753084111,0.4624328506324581,0.6017378374182522,0.7884908536585366,0.5469516601493598,0.0160190161223646,-0.3431566460771313,0.1887335820645047,-0.0015697564070751,-0.1061382723975666,-0.9895950006342592,0.0573297299293767,-1.279254182211962,-0.0085344054389004,0.4013921491914449,0.7337962962962963,0.5856481481481481,0.5736121978786298,0.0629255989911727,0.3325064965745334,0.05907203672652783,0.05591976465177351,0.5642857142857143
2024-04,0.3599615870547747,-0.6538171579313221,-0.2408607123293183,0.6551050882193288,0.4896999531596701,0.6738734638142923,0.6069908966926776,0.2073898723754631,0.0305863822575778,-0.5335087953262712,-0.2489763586829852,-0.1565946025289709,-1.0654249077548263,-0.2146646994978233,-1.2702360195859128,-0.2905271719795733,0.5133457513243465,0.8087557603686636,0.6059907834101382,0.6426974317010495,0.3365119196988708,0.1434281683517517,0.1394396345608384,0.10226691303740654,0.22511848341232227
2024-05,1.2031637612262212,-0.4587517962342304,-0.7600399666414359,0.65852131851827,0.248347605333061,0.7717112218698082,0.6377552510218593,0.6265368852459017,-0.2650603760233999,0.3856530669168256,-0.1284499249186895,-0.0053989325413129,-0.92917840872947,-0.6793678775286144,-1.1568101782862834,-0.7211895840159257,0.4949594623426498,0.75,0.6399082568807339,0.6282892397411279,0.4402295982031445,0.1988304093567251,0.09208724105123434,0.15606796128389178,0.06839622641509434
2024-06,1.1723825808842154,-0.1177090553918476,-0.2195284386428664,0.6271780387472878,0.4508678946545416,0.6864852675886951,0.7114401189746108,0.4248266013871889,-0.3313411346268365,-0.4942637978446443,-0.5264467412991312,-0.0601269809936399,-0.9631258129344744,-0.5350024062057723,-1.1549923624871894,-0.5882174716852275,0.5533517250126838,0.7831050228310502,0.6963470319634704,0.6776012599357348,0.3158351948374286,0.2970677216662788,0.06429793829000174,0.2233913694897942,0.24647887323943662
2024-07,1.1617828618940689,-0.0696161167901957,0.3692010730609531,0.6014817480674635,0.5512090208113287,0.6753217599521102,0.6985240172177538,0.3786831944726682,-0.3142101653533323,0.5036642157641902,-0.0776575740507315,-0.2545537336945516,-1.107951800595687,0.2221272909643911,-1.2755067721912583,0.1253058087591272,0.5272779639715124,0.7022727272727273,0.7386363636363636,0.6560623516268679,0.2669219367588933,0.1526876737720111,0.03203123287536047,0.19617772128355782,0.10981308411214953
2024-08,1.670225019729774,0.3826821059287156,-0.0366314337397855,0.6165243845526689,0.7121464112588705,0.6179800387308207,0.655520798075115,0.4348573740643334,0.0304208084431122,0.1845232958463613,0.3098337713779326,-0.3724286912867146,-1.1194629540840486,0.8232614540424573,-1.3411142102459843,0.7026570019686964,0.547013159533397,0.6085972850678733,0.7986425339366516,0.6514176595126406,0.562899262899263,0.4465191332411249,-0.03905468345861307,0.0704185569257536,0.2534883720930233
2024-09,0.5284200522498163,0.7120047252757334,0.602890460094389,0.2522798033967081,0.8301919787394885,0.6786032028469751,0.5869644332637827,0.5404833836858006,0.2897880042259627,-0.1171745091113782,0.4320761493413325,-0.3801971172647612,-0.9141897131209766,0.5451425674101994,-1.1113622785098711,0.4355669152209761,0.6525206713562878,0.2049549549549549,0.8490990990990991,0.5688582418034472,0.4299853372434017,0.4310779816513762,-0.0861702111013769,-0.04826944589617099,0.4050925925925926
2024-10,-0.3699959803070534,0.9012083854284488,0.2198069714750748,-0.2307733251193008,0.7398431864463572,0.536241511662238,0.5927601617821591,0.5226680040120361,0.4718345123700253,-1.28101029920363,-1.1828549566892337,-0.4601072382674512,-0.8107999888087182,0.4048340101239953,-0.9701953134111096,0.2886078807729705,0.405345495311863,0.0739910313901345,0.9484304932735426,0.4759223399918467,0.5811040856031129,0.6561643835616439,-0.10445302441999982,-0.09703662177950134,0.21428571428571427
2024-11,-0.5223350897938163,0.7318914252258802,-0.1382142247717263,-0.3944874539304787,0.6138691804566452,0.762747979426892,0.6618498345798043,0.3104033546325878,-0.2745663062844482,0.3275146730312639,1.654820968068094,-0.3862320099237855,-0.8825152019812467,-0.2649290315221581,-1.017476798170342,-0.3685791542377084,0.2284815368455074,0.6272321428571429,0.9397321428571428,0.5984819408532643,0.6822249093107617,0.8487394957983193,-0.00194450139048441,-0.006393887455441338,0.7224770642201835
2024-12,-0.4161618897927623,1.1106612455796316,0.1337944355606981,-0.5675991896340254,0.5377115068504579,0.8577176298463789,0.7045797236450392,0.4662887828162291,-0.3901378106302606,-0.365851725334725,0.2520847099908211,-0.6143604370207673,-0.9803351561260768,0.4668913422357397,-1.073364633061702,0.3171342024668462,0.22503003003003,0.7977777777777778,0.86,0.6276026026026026,0.4229843561973526,0.4899389554600949,0.06835735171955126,0.1004506620422847,0.3904109589041096
2025-01,-0.0799128713034398,1.2307747624220595,0.6285224186312595,-0.6876229550334011,0.5880511783338965,0.7919458199825226,0.7049602840455039,0.2344028520499108,-0.1641600777128969,0.5757800980973442,-0.2318073315273561,-0.5391445662090575,-0.3260230123090318,0.3685445988666478,-0.7273873830364294,0.2639012145800223,0.3537491567125679,0.9712389380530974,0.8163716814159292,0.7137865920605315,0.2543103448275862,0.2834158415841584,0.1775923588019559,0.24013085545548662,0.5204545454545455
2025-02,-1.3496767215960863,0.7210667507489975,-0.3391890868943223,-0.575531800395269,0.6226778766864206,0.4789763665361751,0.7407065012083532,0.1853422765831525,-0.4805515689960098,0.6274289108513649,0.5285751943247884,-0.5781594114403075,-0.5268291183154292,0.3784205990795777,-0.645110507999533,0.2575159545453827,0.6725485761485211,0.8303964757709251,0.9361233480176212,0.8130227999790224,0.3703527168732126,0.2797939068100358,0.123665179952273,0.17692184124540233,0.5678733031674208
2025-03,-0.3309119447325189,0.7458966636248854,-0.2330860664341108,-0.3404880355925688,0.597068203866293,0.5853429602888086,0.742321475715611,0.3548545597484276,-0.5380373154073244,0.6601482409141708,1.1891295906217798,-0.6131344496741811,-0.7804261260543773,-0.1615370812343047,-1.0784941576234703,-0.2973195816116802,0.8128801169590644,0.7785087719298246,0.9451754385964912,0.8455214424951268,0.3688018979833926,0.2803925942449253,0.09817196464374178,0.1410782492792182,0.6779279279279279
2025-04,0.2677312869045421,0.7002229399475688,-0.2078119388681198,0.1388534435406574,0.5578679479455455,0.5739649223691777,0.741426128947366,0.2107065962027794,-0.4997233679558319,0.8027263242181081,0.376320703206483,-0.6123481009823257,-0.7995158237093327,-0.0485505448927689,-0.8898364224644276,-0.1859287646627754,0.70165108010975,0.4563318777292576,0.962882096069869,0.7069550179696256,0.5684608120868744,0.3203818827708703,0.03620840253181612,0.12777717545100198,0.17713004484304934
2025-05,0.4269664975702831,0.9242095676277816,0.2282007056379447,0.2505801520496405,0.7712031076989019,0.7922273117663899,0.7683485453830244,0.8681286549707602,-0.1437020937695855,0.8854409909921578,0.1376173884023037,-0.7895071600981771,-0.6272169476581766,0.5245337166223388,-0.6070455689023204,0.3636808794894196,0.7395949051905766,0.358695652173913,0.941304347826087,0.679864968396859,0.7892882311486963,0.914364640883978,-0.10303706909662058,-0.03335995103146461,0.8459821428571429
2025-06,0.2575883705636276,0.5689560568587754,-0.1088218882615789,0.4446828820149101,0.685676562245473,0.6805614935157475,0.7528903540033408,0.8626480295088332,0.4819959756356875,-0.9660947193527724,-0.9056301737692573,-0.6906853365584509,-0.2746172975678563,0.1992136397132451,-0.1791115891886117,0.0737269742457796,0.5001993620414673,0.0714285714285714,0.9329004329004328,0.5015094554568239,0.6575502571294998,0.6771887373515179,-0.07545675140580488,-0.008758587671600537,0.8688888888888889
2025-07,0.1512724565400242,-0.0873548942670789,-0.3896208895038983,0.5255641637650966,0.3041351273731212,0.6382148431956861,0.638494971934573,0.721427190098627,0.5086490021016625,0.043272231470648,-0.8405438281039515,-0.6425782056560968,-0.4606058077285373,-0.3501597305627026,-0.4357305036998473,-0.4739836705612942,0.4918639888570998,0.0237068965517241,0.9676724137931034,0.4944144330673092,0.5111679851093532,0.6252737625930793,-0.11200115139108258,-0.029617707888832,0.8030973451327433
2025-08,0.2713649086968979,-0.3064927990787184,-0.0511911313101384,0.6136566945242207,-0.2063247770636311,0.4323961571065273,0.5110505777827876,0.4220103986135182,-0.1082874033310837,-0.2241963189971801,1.6503318214166476,-0.6430313619181397,-0.5183510790858328,-0.548465465927076,-0.5186215150490021,-0.6739863237469821,0.5584390744541892,0.4141630901287553,0.9163090128755365,0.629637059152827,0.3857638888888889,0.5608108108108109,0.07480865196415021,0.08117815871751022,0.3722466960352423
2025-09,-0.0075242745612429,-0.1977893227512956,-0.0573684120287856,0.6871966152565939,-0.0827256950605909,0.2743705162470108,0.4042976853234188,0.1541043344840813,0.0055157957621983,-0.1592997589911728,-0.5887882791649908,-0.6494643897662519,-0.3462960095397197,-0.0888717970499016,-0.2958497090551448,-0.2096551584705321,0.5371156621156621,0.5192307692307693,0.8952991452991453,0.6505485255485256,0.5233817092835752,0.3901063137339987,0.0641254531204678,0.15426880351210226,0.3969298245614035
2025-10,1.3839613877122523,-0.3863105233141059,-0.19530705052211,0.763069801250696,0.4972931737164519,0.5661157024793388,0.4473594809006061,0.4170964660936007,-0.4472749044450921,0.3358163888105561,-0.6128823076753286,-0.542925266365399,-0.3884447461939392,-0.3461947024806273,-0.3853111487855914,-0.4503805795173651,0.3699972487160675,0.7638297872340426,0.9723404255319148,0.7020558204940084,0.7157267308574049,0.5187904967602592,0.0739551657050308,0.1636989501824082,0.36026200873362446
2025-11,2.3273652282465305,-0.7391429423475062,-0.2012521814682702,0.7566964463190906,0.2421416211491952,0.8735704323570432,0.6147944222288987,0.9011981742107266,0.5610691995216532,-0.0663991087471753,-0.2030433422094109,-0.4612506174613396,-0.4573462814530157,-0.7796029542474984,-0.4566752007496027,-0.8712068873039375,0.412830981305012,0.7351694915254238,0.9682203389830508,0.7054069372711623,0.8310148232611174,0.5409413281753708,0.04629218664920387,0.1334322203704339,0.1282608695652174
2025-12,3.7530973789357662,-0.1402836188144456,0.214544776738995,0.7411355361058399,-0.52348297231377,0.8740972222222222,0.7164541220427392,0.7554481713094562,0.6272006543009192,-0.9732843076200028,0.0628497736104024,-0.246483549610062,-0.2096410649927506,-1.325816595074215,-0.4316869908606914,-1.3666285375926064,0.451517364492048,0.8502109704641351,0.9978902953586498,0.7665395434382777,0.83594459582198,0.5333904109589042,0.06871103880216145,0.15465093217439407,0.08441558441558442
2026-01,1.3101117164465557,-0.3266451074316817,0.5420174827197696,0.7389132249346113,-0.6575185583647438,0.6229428848015489,0.7913340849441369,0.7523117569352709,0.5924559560307909,-0.1334632728323377,-0.9446421937862484,-0.2226968978056821,0.2582111918615933,-1.1200191565202255,-0.2711735548759806,-1.1348854983991086,0.573176291793313,0.7121848739495799,0.9978991596638656,0.7610867751355861,0.863872571170357,0.2791861951427354,0.03787762894707969,0.02563259535097262,0.33836206896551724
2026-02,10.208693457935974,0.0278833333299308,-0.0083043863549947,0.7741337707775311,-0.6168282018565653,0.8527265216193886,0.7931356111673343,0.9858056025568716,0.603202849191529,-0.3717793005510056,-0.090135424794718,-0.0719518774777811,0.3976817513377013,-0.965568871680222,-0.080610904338768,-0.9504820567679724,0.3575234025955606,0.4790794979079498,0.997907949790795,0.6115036167647685,0.9845928924876294,0.9262834111158252,0.07094798011048398,0.0802567959340117,0.5686695278969958
2026-03,6.9848333072604385,-0.3237503205646418,0.4975239906248301,0.7782954080653602,-0.5407715773879257,0.8329903978052127,0.7870415403810227,0.9723679280629448,0.7087068607543207,0.1626947457670797,-0.566945888947342,-0.177591829253275,0.0681700006200428,-0.2905112750663952,-0.2738936774845403,-0.3133648132455187,0.2783887130801687,0.28125,0.9979166666666668,0.5191851265822786,0.958006718924972,0.9508768223114304,0.14008741000914648,0.19872208826092752,0.7286324786324786
2026-04,1.7132287202360474,1.2055971841901252,0.173641845613703,0.7501732988270232,-0.5361629423797301,0.9437918317169786,0.6611438560805286,0.9767723880597016,0.6693486289003487,-1.194072892792192,0.2379616597251597,0.1572589373397676,0.0032781510024338,-1.264007355684078,-0.5094974925953479,-1.2298394746090966,0.1562162209282053,0.8692946058091287,0.9771784232365144,0.6675630833246161,0.9733675061288166,0.983701366982124,0.4445802099880267,0.42983645600883946,0.8829787234042553
2026-05,8.634669848229889,1.617170379350242,0.1162816706759225,0.7402359033015841,-0.4039269698642811,0.924296014147735,0.5367382936578438,0.9168370191414236,0.7426789037248251,-0.1994350852412,-0.2023422972546277,0.1590090857668847,-0.2130148099564386,-0.7044241852236555,-0.5054133429045397,-0.6847736788579978,0.2474886752653964,0.7169421487603306,0.8987603305785123,0.6210637182014132,0.9018411712511092,0.9643006700167503,0.408294360717562,0.6960785127524596,0.9216101694915254
2026-06,4.180760652516832,0.6509072332066063,-0.2078148107267071,0.764381608366513,-0.454856747957538,0.8669059875372528,0.2986787420338043,0.8441955193482689,0.7412911017967434,-0.6397143785496974,-0.1844603654607245,0.2555968817288051,-0.1693249930195765,-1.0832192135431604,-0.4770671060600938,-1.043510794959864,0.4062371399176954,0.7345679012345679,0.8827160493827161,0.6745070301783264,0.871797703180212,0.9226438698915764,0.2606521083381408,0.6345060441200925,0.9725738396624473
2026-07,1.4931595154658186,1.0026488269026992,0.3205049868844964,0.7604524951328396,-0.6109571498305131,0.8655558553696708,-0.2938089725433965,0.91709701217263,0.7676999171554224,-2.4318330358295013,-1.466800675030724,0.2558265777331209,-0.0117350229255369,-0.759143385261064,-0.3211707605485154,-0.7140435959370941,0.7082383851438678,0.6495901639344263,0.6741803278688525,0.6773362923157155,0.9095405583644756,0.7298110857380112,-0.08186373353612586,0.4783630715630076,0.8004201680672269
