month,return,gross_return,nav,drawdown,turnover,trade_cost,fx_cost,forecast_vol,leverage,risk_score,w_KODEX200,w_BOND,w_GLD,w_USO
2007-04,0.03880877572535432,0.04120306599270814,1.0388087757253543,0.0,1.5,0.0022500000000000003,0.00014429026735381708,0.07296497997946351,1.5,,0.8567453162680406,0.35467414902432504,0.2161086322595021,0.07247190244813208
2007-05,0.08506392592805702,0.08519806890673898,1.1271739284770714,0.0,0.04022878577987365,0.00012068635733962095,1.3456621342332665e-05,0.07649560279410682,1.5,,0.896503256449547,0.3088719430847192,0.20852437318139425,0.08610042728433938
2007-06,0.010444250577879316,0.010598515240721335,1.1389464154309386,0.0,0.0441499639084609,0.0001324498917253827,2.181477111663607e-05,0.0917726039443664,1.5,,0.876316607633316,0.3046642904721146,0.22027261056707442,0.09874649132749516
2007-07,0.10551919373192922,0.1055600577927572,1.259127122891082,0.0,0.012275873659144683,3.682762097743405e-05,4.036439850538226e-06,0.08615777790680866,1.5,,0.8861253580985143,0.30569648499657437,0.2146774289684143,0.09350072793649705
2007-08,-0.014152434087417154,-0.01401664071286765,1.241307409276687,-0.014152434087417065,0.04102738112961487,0.0001230821433888446,1.2711231160658282e-05,0.10475481723672017,1.4319150560974854,,0.8285024852462624,0.28334618507609466,0.2166112347854743,0.10345515098965413
2007-09,0.05366536679703618,0.053702264803808984,1.307922626703399,0.0,0.010453317657732102,3.13599529731963e-05,5.538053799611614e-06,0.10442113875181527,1.43649075075225,,0.8354162520788484,0.28587715316262385,0.21446866818045407,0.10072867733032353
2007-10,0.06332207427568043,0.06422167456404837,1.3907430004183545,0.0,0.2955491076102587,0.0008866473228307762,1.295296553716696e-05,0.07229533392171418,1.5,,0.599157871691975,0.6050862566766917,0.22279061197236305,0.07296525965897019
2007-11,-0.02633839766403117,-0.024262577771694847,1.3541130582248682,-0.02633839766403112,0.6478681995813953,0.001943604598744186,0.00013221529359213634,0.16806093857083054,0.892533394586401,,0.1801571124780848,0.14656540443576824,0.1274700408542087,0.4383408368183392
2007-12,0.06929366126917076,0.06944349321792763,1.4479445098016632,0.0,0.04544831880671565,0.00013634495642014693,1.3486992336717629e-05,0.17594236624936266,0.852551907750322,,0.13502851860212053,0.12058781262662314,0.14126632129373975,0.4556692552278385
2008-01,-0.0204825803592966,-0.020390732821400852,1.4182868700238482,-0.02048258035929662,0.027104891814075056,8.131467544222517e-05,1.0532862453521697e-05,0.17994158420111625,0.8336038646428093,,0.1147517696389234,0.11677389670971527,0.1528372162671231,0.4492409820270476
2008-02,0.07029328159520605,0.07036907413929226,1.517982908361218,0.0,0.023579540213744178,7.073862064123254e-05,5.0539234449761275e-06,0.177300840265589,0.8460196791809135,,0.11153850287065253,0.11937755233067947,0.16041359792467552,0.4546900260549059
2008-03,0.008179660791377918,0.008263227069810999,1.5303994936387222,0.0,0.02201071002869944,6.603213008609833e-05,1.7534148346982693e-05,0.18081947656935796,0.8295566542161936,,0.11027913732213503,0.11611817038561059,0.15607541889619153,0.44708392761225646
2008-04,0.07642113735570318,0.07674178067512177,1.6473543635511854,0.0,0.10002617683320535,0.00030007853049961603,2.056478891898611e-05,0.14734572376514998,1.0180139346227692,,0.1437687606167561,0.22983405294440748,0.19371477954028313,0.4506963415213225
2008-05,0.07002107201112706,0.07011685518236829,1.762703882069247,0.0,0.02552902349527185,7.658707048581555e-05,1.9196100755412894e-05,0.1530266611321776,0.9802213476410929,,0.14771588583971815,0.21626294039708904,0.18023203440284405,0.4360104870014417
2008-06,0.07182134100121827,0.07190289100749507,1.8893036386675137,0.0,0.024709232323032015,7.412769696909605e-05,7.422309307694108e-06,0.1526711772920538,0.9825037224482527,,0.14651461316269804,0.2068156854300211,0.18701934064189546,0.44215408321363814
2008-07,-0.09424699010828162,-0.09410885783479495,1.711242457322476,-0.09424699010828164,0.04297256972453329,0.00012891770917359988,9.214564313073604e-06,0.15045351905063417,0.9969856534197679,,0.13331954323576892,0.2138711611608593,0.20681949450819223,0.4429754545149474
2008-08,-0.019275697888509195,-0.01897892609196983,1.678257064701138,-0.1117060114885623,0.08004182187294219,0.00024012546561882659,5.664633092053828e-05,0.17930187672224734,0.8365779697463053,,0.1075451583421004,0.2220890414357176,0.16955791372469348,0.33738585624379386
2008-09,0.13073144807308176,0.13281644890396427,1.8976580410083972,0.0,0.6412164845271094,0.0019236494535813285,0.00016135137730115528,0.1039887904273695,1.442463167265772,,0.11074069996725538,0.5032973929407283,0.8284250743577883,3.2057669608705335e-17
2008-10,-0.09695437886054348,-0.09647426707942769,1.7136717843527123,-0.09695437886054348,0.13181308986575194,0.0003954392695972558,8.467251151852589e-05,0.12791751421548786,1.1726306668789102,,0.10172082629047274,0.3934269638720776,0.6586738269422263,0.018809049774133457
2008-11,0.1274100904583205,0.12772328224251195,1.9320108614129627,0.0,0.08932910083838815,0.0002679873025151644,4.520448167626573e-05,0.14126054116179712,1.0618676579200759,,0.0248459175043277,0.4656993215501616,0.5713224188655867,3.014376910031503e-17
2008-12,0.028097950969193226,0.028428421813869773,1.986296407868893,0.0,0.08410201148928302,0.0002523060344678491,7.816481020869604e-05,0.16606458842703564,0.9032630100179726,,0.020582899262737965,0.4191827660964993,0.4601897249445113,0.003307619714223955
2009-01,0.05042721102389317,0.050513621668988096,2.086459795984499,0.0,0.024518348393437778,7.355504518031333e-05,1.2855599914611326e-05,0.15712304274919842,0.9546658298836008,,0.021790575119838316,0.44809512572872,0.4800849124040126,0.004695216631029751
2009-02,0.08391335492684698,0.08397679401013683,2.261541637385543,0.0,0.01917473357163507,5.752420071490521e-05,5.914882574933722e-06,0.15441720127618624,0.9713943703183315,,0.02163946492749505,0.4549323447738285,0.4909350868969137,0.0038874737200943403
2009-03,-0.061283226519446225,-0.06112418195530199,2.1229470689384855,-0.06128322651944618,0.04325458437988522,0.00012976375313965567,2.928081100458055e-05,0.15908198915377147,0.9429100101018182,,0.01963386702965901,0.4464459065504246,0.47384330563067345,0.002986930891061233
2009-04,-0.043970148297350145,-0.0437920341557566,2.0296007714898354,-0.10255874225859618,0.0568526989574635,0.0001705580968723905,7.556044721148764e-06,0.1783314141516515,0.8411305473775994,,0.03232296710324368,0.388407348212978,0.4204002320613777,0.0
2009-05,0.03986384508548261,0.03998061862901316,2.110508462229882,-0.06678328298667213,0.035391862321625736,0.00010617558696487721,1.0597956565667227e-05,0.1853927857502723,0.8090929719458066,,0.040540692895008744,0.3637942441012441,0.40475803494955387,1.3873808290536135e-18
2009-06,-0.007600993785954248,-0.005619681866767601,2.094466500523269,-0.07387665745363903,0.6149583215142446,0.0018448749645427337,0.00013643695464391395,0.09258574382005354,1.5,,0.43795460984962,0.9073152668064284,0.15473012334395164,0.0
2009-07,0.05644058363602447,0.056481544851204366,2.2126794122189044,-0.021605715481376464,0.012022621562047505,3.606786468614252e-05,4.893350493748755e-06,0.08933055002256704,1.5,,0.43894345142203706,0.9008976676217675,0.16015888095619546,2.7420997601463463e-18
2009-08,0.009290186975473241,0.009399881142274132,2.2332356176751986,-0.012516249642464006,0.034254797242694646,0.00010276439172808394,6.9297750728064265e-06,0.09333840973547092,1.5,,0.4519112052054737,0.8855081635528717,0.1625806312416549,0.0
2009-09,0.031525346014803154,0.03154432291285754,2.303639143254992,0.0,0.005773176074457069,1.7319528223371207e-05,1.6573698310161922e-06,0.09046290340816247,1.5,,0.4590087390991078,0.8733693876280995,0.16762187327279277,2.4788673311281278e-17
2009-10,-0.02425065427845566,-0.024221708075133602,2.2477743868095974,-0.02425065427845563,0.007797827050926571,2.3393481152779716e-05,5.552722169279822e-06,0.0909062637156697,1.5,,0.4785807675101498,0.850482072807649,0.17093715968220125,2.6625700102132173e-18
2009-11,0.02952706697873993,0.029660928067002226,2.3141445716820206,0.0,0.043874884047487274,0.00013162465214246183,2.2364361198353165e-06,0.0922687779286674,1.5,,0.489733117867133,0.8272996684949964,0.1829672136378706,1.315833329472209e-17
2009-12,0.038412138214924035,0.03920449035632113,2.4030358128187865,0.0,0.2556710040391928,0.0007670130121175784,2.5339129279507017e-05,0.1326870394780657,1.130479665459687,,0.5568873980752043,0.43067910277309124,0.14291316461139147,3.880470689557084e-19
2010-01,-0.0271708079206656,-0.027121599510096937,2.3377433883222065,-0.02717080792066573,0.014709311183254192,4.412793354976258e-05,5.080477018902074e-06,0.13361285478034177,1.1226464717530251,,0.5688962100366944,0.4156393410865974,0.1381109206297333,8.426489633515036e-20
2010-02,0.006492335597652938,0.006590631747917887,2.3529208029403885,-0.020854874326493134,0.0315177268994489,9.455318069834671e-05,3.742969566602222e-06,0.13307794710781562,1.1271589565360116,,0.5783037392610949,0.39976947167862387,0.14908574559629276,0.0
2010-03,0.03351746279602441,0.03359173274419025,2.431784738414935,0.0,0.02306747986290597,6.920243958871792e-05,5.067508577118935e-06,0.12789087678811323,1.1728749052875498,,0.6048255260592342,0.4078472868209538,0.1602020924073618,0.0
2010-04,0.02664115127972659,0.026694910274919718,2.4965702835107777,0.0,0.015392499364127399,4.6177498092382195e-05,7.581497100745765e-06,0.1251471497377139,1.1985890235165022,,0.6249435353214056,0.4060209691507217,0.16762451904437495,0.0
2010-05,-0.01735454754598097,-0.017267319597854432,2.4532434358237065,-0.01735454754598109,0.027639423797815522,8.291827139344657e-05,4.3096767330905036e-06,0.12006362234516728,1.2493376184234184,,0.6556009786710637,0.4143334843894036,0.1794031553629511,5.581430224895986e-18
2010-06,0.020861437137047485,0.020969474905612965,2.504421619542017,0.0,0.03327530165430928,9.982590496292784e-05,8.211863602550245e-06,0.1177262329935768,1.2741425269946764,0.0,0.6699019673864168,0.4144595664242084,0.189780993184051,0.0
2010-07,0.020091547166935005,0.02019291138538331,2.554739324636937,0.0,0.031781046725314926,9.534314017594478e-05,6.021078272359093e-06,0.11253209102573195,1.332953103712438,0.0,0.7091963531446576,0.4235266093352692,0.20023014123251143,0.0
2010-08,0.010883467185315052,0.010986166400159373,2.582543746243657,0.0,0.03019913700183803,9.059741100551409e-05,1.2101803838807588e-05,0.10808243410712315,1.3878295880284424,0.0,0.7491868130090784,0.43379177509070377,0.2048509999286603,0.0
2010-09,0.056494543314783895,0.056673573601808955,2.728443375778143,0.0,0.057564507749418986,0.00017269352324825697,6.336763776798788e-06,0.0999878034218218,1.5,0.0,0.804522492529449,0.46467465075586456,0.23080285671468653,0.0
2010-10,0.007269560652186689,0.007302219294860126,2.7482779603844194,0.0,0.009046815002272049,2.7140445006816147e-05,5.518197666620997e-06,0.10062467888556027,1.4906879868962755,0.0,0.8102844249791678,0.45254096969250734,0.2278625922246004,9.259730966060725e-18
2010-11,0.037525373869903116,0.03754504175116981,2.851408118346259,0.0,0.005637204877675761,1.6911614633027282e-05,2.7562666336628793e-06,0.0796975308937349,1.5,0.0,0.8161967292694386,0.4474755477338233,0.23632772299673804,1.4772233424291315e-17
2010-12,0.0730316539767175,0.07306413598063348,3.0596511693917265,0.0,0.01046025634047957,3.138076902143871e-05,1.101234894540684e-06,0.07621103114739339,1.5,0.0,0.8124073054363687,0.44797266114133755,0.23962003342229374,0.0
2011-01,-0.01104970013255888,-0.01098668467516426,3.025842941459715,-0.011049700132558793,0.01826336619271239,5.479009857813717e-05,8.225358816481496e-06,0.08155791444441954,1.5,0.0,0.8279420229197307,0.4350374166358425,0.23702056044442688,3.4148938114427418e-18
2011-02,-0.04030245950980724,-0.040246659345644004,2.903894028828499,-0.05090682955017811,0.01645786260744353,4.937358782233059e-05,6.42657634090213e-06,0.08331029864564679,1.5,0.0,0.8344074698861572,0.42793457245370603,0.23765795766013686,0.0
2011-03,0.05114311749585613,0.053271216752316095,3.05240822234039,-0.0023672460193482348,0.6113363499985766,0.0018340090499957297,0.0002940902064642389,0.08664147591636676,1.5,0.0,0.21716254769544868,0.43114943456527327,0.25168801773927807,0.6000000000000001
2011-04,0.04061061442982668,0.04066744517751786,3.1763683957402877,0.0,0.015988276284048808,4.7964828852146426e-05,8.865918839039421e-06,0.08785230259193944,1.5,0.0,0.23155840000867972,0.4126079777406134,0.25583362225070694,0.6000000000000001
2011-05,-0.06278236806410253,-0.0627149122427572,2.9769484660117382,-0.06278236806410253,0.021256938317374657,6.377081495212397e-05,3.6850063932137302e-06,0.08471207287973063,1.5,0.0,0.22204871116358352,0.4184253950913392,0.2595258937450774,0.6000000000000001
2011-06,-0.07153116617740557,-0.07140560130906945,2.7640038705878798,-0.12982263823850382,0.03872239622600468,0.00011616718867801404,9.39767965809768e-06,0.08860707176803127,1.5,0.0,0.2191097848626501,0.4086437773788002,0.27224643775854973,0.6000000000000001
2011-07,0.036750659858873415,0.036856463510379994,2.8655828366844642,-0.09784304599951532,0.03388646992976496,0.00010165940978929489,4.144241717282893e-06,0.09995848015905545,1.5,0.0,0.2135009613881496,0.42643937076619554,0.2600596678456548,0.6000000000000001
2011-08,0.11544750723841454,0.11750490093768237,3.19640723196487,0.0,0.6817689393710954,0.002045306818113286,1.2086881154548646e-05,0.11567889501491488,1.2966928840447514,-1.0,0.025933857680895032,0.43150593874344834,0.839253087620408,0.0
2011-09,0.00504237037078769,0.005383157395417685,3.212524701084301,0.0,0.08945451822572328,0.00026836355467716984,7.242346995282556e-05,0.13748392274920757,1.091036660872877,-1.0,0.021820733217457543,0.3593957549391022,0.7098201727163173,0.0
2011-10,-0.02659215435416074,-0.026450294310142362,3.127096748366513,-0.026592154354160735,0.04346503389211169,0.00013039510167633508,1.1464942342041207e-05,0.127358712808975,1.1777757225372134,-1.0,0.02355551445074427,0.4170765631293085,0.7371436449571606,0.0
2011-11,0.044820853975049785,0.044891754806191675,3.267255895090902,0.0,0.021239015137042443,6.371704541112733e-05,7.1837857307648354e-06,0.12699184522520615,1.1811782066320196,-0.444444444444444,0.033093752995246965,0.4086253615984113,0.7394590920383614,8.822019590204989e-19
2011-12,-0.0671444354058011,-0.06686352289548639,3.0478778426887483,-0.06714443540580095,0.08451868822314464,0.0002535560646694339,2.7356445645275118e-05,0.11169030732742581,1.342999259195047,-0.21052631578947323,0.09801416127304843,0.44218564416095424,0.8027994537610443,1.7843895894731085e-18
2012-01,0.06140457670128388,0.06160969199319213,3.2350314914562732,-0.009862834338457027,0.05855162556651549,0.00017565487669954648,2.9460415208705572e-05,0.1126984757570727,1.3309851707607174,0.0,0.14037377506912918,0.4571173346769585,0.7334940610146299,0.0
2012-02,-0.012682444271907957,-0.012593318106331814,3.1940033848480116,-0.02242019376350446,0.027029933043843088,8.108979913152927e-05,8.03636644461453e-06,0.11365503399040024,1.3197831607940005,0.0,0.13441022534126923,0.4630588169131309,0.7223141185396004,0.0
2012-03,-0.007845053464522665,-0.005909619759001436,3.1689462575280127,-0.030089359609267397,0.5654866378346457,0.0016964599135039372,0.0002389737920172909,0.07715113242326749,1.5,0.0,0.5191843222494841,0.7457707697325768,0.2350449080179391,1.7020386002892284e-18
2012-04,0.0021124648965633198,0.002143137639061253,3.1756405452561367,-0.0280404574286387,0.009093567582509524,2.7280702747528572e-05,3.3920397504043217e-06,0.07470739926252198,1.5,0.0,0.5195330594633533,0.7408667757558146,0.23960016478083213,0.0
2012-05,-0.03827511958789857,-0.03822990410318856,3.0540925236182788,-0.06524232515515671,0.013220449614304755,3.9661348842914264e-05,5.554135867102863e-06,0.07164064993488327,1.5,0.0,0.5185322744182707,0.7312068854131493,0.2502608401685801,0.0
2012-06,-0.009189476557849269,-0.009115807655146085,3.0260270119669856,-0.07383225889541312,0.02330037742799529,6.990113228398587e-05,3.767770419197125e-06,0.07407278849500472,1.5,0.0,0.5068279734670367,0.7401736616627721,0.2529983648701913,3.2149947768581216e-18
2012-07,0.019951003668079722,0.01997140604230617,3.0863992879824473,-0.05535428289537836,0.006275804321349667,1.8827412964049002e-05,1.5749612624016974e-06,0.0715427952037343,1.5,0.0,0.5101534810637919,0.7464451002409286,0.24340141869527954,0.0
2012-08,0.022481546257068736,0.022494631060695144,3.1557863163430087,-0.03411718650974904,0.004092679991122922,1.2278039973368765e-05,8.067636530401378e-07,0.06918287368213032,1.5,0.0,0.5075105718395586,0.7482961388199283,0.24419328934051326,0.0
2012-09,0.029246958537526513,0.029280887386241447,3.2480834678903863,-0.005868051911490091,0.011295736842610494,3.3887210527831485e-05,4.1638187103953954e-08,0.06613181981338971,1.5,0.0,0.4945390007604289,0.7525674120227697,0.25289358721680144,2.4604069038074083e-17
2012-10,-0.033880938164735856,-0.033842267396129486,3.1380353527608915,-0.03955017497226532,0.012328750656319287,3.698625196895786e-05,1.684516637411926e-06,0.06506238060106448,1.5,0.0,0.4968460320479734,0.7480800551252842,0.2550739128267424,0.0
2012-11,0.000560432802805415,0.0005976045356182041,3.139794010708942,-0.039011907384870925,0.011752170565258235,3.525651169577471e-05,1.915221117014421e-06,0.06748830379590992,1.5,0.0,0.4910568695027333,0.7600761727051194,0.24886695779214746,1.383238919050666e-18
2012-12,0.01965209449127598,0.01967506077819067,3.201497539290536,-0.02012647858380745,0.0072866874611086105,2.186006238332583e-05,1.1062245313629981e-06,0.06429759376919514,1.5,0.0,0.49400457056240876,0.7640278231872633,0.24196760625032807,0.0
2013-01,-0.00735569344644575,-0.007312999776885417,3.1779483048219648,-0.027334127823634202,0.013570156333188671,4.071046899956601e-05,1.983200560767312e-06,0.062204702429618244,1.5,0.0,0.49862103879816155,0.7623522544531102,0.23902670674872828,0.0
2013-02,0.007497391634135111,0.007524509340035053,3.2017746278562513,-0.020041670850770243,0.008629966560455976,2.5889899681367927e-05,1.2278062185742678e-06,0.0595625725473089,1.5,0.0,0.49411026565817096,0.7631884409204819,0.24270129342134728,0.0
2013-03,-0.0015044631291443425,-0.0014711618082636868,3.196957675980812,-0.0215159820250731,0.01046994969589718,3.140984908769154e-05,1.8914717929643387e-06,0.05700036526765593,1.5,0.0,0.4994545311359136,0.7707979885055803,0.22974748035850623,0.0
2013-04,-0.03426167618612577,-0.03424447888385306,3.0874245473056083,-0.05504048460222921,0.005576258469255441,1.6728775407766323e-05,4.6852686494383566e-07,0.05345284269729182,1.5,0.0,0.4966215524995853,0.7706536190436288,0.232724828456786,0.0
2013-05,-0.004848533390045889,-0.004818205270969444,3.0724550662987498,-0.05962215236487689,0.009712141904892072,2.9136425714676215e-05,1.1916933617696496e-06,0.05559044250144944,1.5,0.0,0.4951550627868242,0.7858948193890205,0.21895011782415535,0.0
2013-06,-0.06916029652317114,-0.06909768747042122,2.8599631628594087,-0.12465896315114355,0.020837759605036896,6.251327881511069e-05,9.577393481552399e-08,0.05216681926761363,1.5,0.0,0.48560476986981943,0.8023814075461247,0.21201382258405582,6.283095449646321e-18
2013-07,0.030797352853537165,0.030862760784914345,2.9480424575341084,-0.09770077637212815,0.019435827551003208,5.830748265300962e-05,7.100448724170538e-06,0.06494988406081625,1.5,0.0,0.46540781589898456,0.8434683323598542,0.19112385174116142,0.0
2013-08,0.01360946142024318,0.013647322323028014,2.9881637276251576,-0.08542096989864922,0.011773223642462013,3.531967092738604e-05,2.5412318574484923e-06,0.0675623450580701,1.5,0.0,0.4718542693768796,0.8355089571354453,0.19263677348767516,0.0
2013-09,-0.0004913738804084876,-0.00037416564946992845,2.9866954220190185,-0.08587037014561039,0.03764624409563147,0.00011293873228689441,4.269498651664733e-06,0.06340841240878071,1.5,-0.12499999999999993,0.43586367940117166,0.8586933860055681,0.20544293459326018,0.0
2013-10,0.012356428815159833,0.012451936312466636,3.02360031139376,-0.07457499244648624,0.03129379660037224,9.388138980111671e-05,1.6261075056855645e-06,0.062067212900847095,1.5,0.0,0.4802073884869007,0.8307182636195954,0.18907434789350375,2.3919949600129467e-18
2013-11,-0.008115868801576743,-0.0072851739400067415,2.999061167958082,-0.08208562039348877,0.27593555613086673,0.0008278066683926002,2.8881931774010357e-06,0.07992016533914785,1.5,0.0,0.7587483414563811,0.5485815583044287,0.1926701002391903,0.0
2013-12,-0.00929198542965235,-0.009256546701196869,2.971193935282779,-0.09061486743446079,0.01053468766948582,3.160406300845746e-05,3.834665447022517e-06,0.07634512448364374,1.5,0.0,0.7597105435524997,0.5507194716502598,0.1895699847972406,1.0210630790010736e-17
2014-01,-0.028176235423244565,-0.028152643741393864,2.8874768754741353,-0.11623791702002584,0.007192171862243779,2.1576515586731337e-05,2.0151662639674996e-06,0.07225936328818937,1.5,0.0,0.754435468079242,0.5534933365482089,0.19207119537254902,6.437694396871943e-19
2014-02,0.023367540608233813,0.024247037539900977,2.9549501086171133,-0.09558657065797405,0.29254754270595273,0.0008776426281178583,1.8543035493064491e-06,0.04863594100978414,1.5,-0.22222222222222218,0.4368730116257442,0.8518679924177384,0.21125899595651768,0.0
2014-03,-0.008317771306526696,-0.007333013832251451,2.93037150939144,-0.10310927472979248,0.3259573191162977,0.0009778719573488933,6.8855169263527665e-06,0.07047446037211502,1.5,0.0,0.7641602368588131,0.529694553520677,0.20614520962050997,2.338523163665694e-19
2014-04,-0.011861059233598422,-0.011773172042785272,2.8956141993420994,-0.11374734874828729,0.028903153090984665,8.670945927295399e-05,1.177731540196722e-06,0.06944836606363998,1.5,0.0,0.7978630013972658,0.5030502048481732,0.19908679375456095,0.0
2014-05,0.010770362185550256,0.010835645743419962,2.9268010130186357,-0.1042020867064023,0.0213944696620927,6.41834089862781e-05,1.1001488834288115e-06,0.06798250983473896,1.5,0.0,0.8174241547835749,0.48547861152936045,0.19709723368706478,0.0
2014-06,0.01037198390009928,0.01047603265905491,2.957157746004459,-0.09491088517197854,0.03368696942540955,0.00010106090827622865,2.987850679401771e-06,0.06215332518935509,1.5,0.0,0.7925363862481178,0.5138760914788444,0.19358752227303788,0.0
2014-07,0.02696879197488958,0.027007291965503014,3.0369087180933865,-0.07050172511544484,0.01266139014884661,3.798417044653983e-05,5.158201668920143e-07,0.060561609927671275,1.5,0.0,0.795596391111386,0.5028231517052822,0.20158045718333167,3.81803944536571e-20
2014-08,-0.01673593311227019,-0.01667577433356085,2.9860832169193054,-0.08605774607188321,0.019960623713581038,5.988187114074312e-05,2.7690756859619084e-07,0.059931386252743114,1.5,0.0,0.7870809686082104,0.517335687587775,0.1955833438040147,3.08823395428443e-19
2014-09,-0.008713307864755812,-0.007704702191062931,2.9600645545405073,-0.09402120630096766,0.33370316218293633,0.001001109486548809,7.4961871440723115e-06,0.04207035351818726,1.5,-0.2307692307692307,0.4517903487317817,0.8423066226868139,0.20590302858140447,4.904485240503642e-19
2014-10,-0.023304695730693024,-0.02227741538077421,2.8910811507537315,-0.11513476642658393,0.3400008067109127,0.0010200024201327382,7.277929786078677e-06,0.0566922073249266,1.5,0.0,0.7764531988379257,0.5314650767349494,0.19201041052687864,7.131390024628468e-05
2014-11,0.017063204481462,0.017343843774638205,2.940412259601543,-0.10003613000758405,0.09101823015977312,0.00027305469047931934,7.584602696887988e-06,0.050101036223271264,1.5,-0.25925925925925947,0.6793868028471911,0.6165863919213823,0.20402680523142658,2.882149180400003e-18
2014-12,-0.013062446851575175,-0.012269825201424448,2.9020032807387777,-0.11179186022769794,0.26399513511949857,0.0007919854053584957,6.362447922319131e-07,0.037706705774221166,1.5,-0.27272727272727265,0.4148253821885438,0.8761771755309988,0.20899744228045755,2.952585192406389e-18
2015-01,0.039795152966930654,0.039892424309579594,3.017488945206312,-0.07644548143898622,0.031237907588790803,9.371372276637242e-05,3.55761988256989e-06,0.03590582718661407,1.5,-0.37500000000000017,0.37489033189089965,0.9078565500292503,0.2172531180798501,0.0
2015-02,-0.007874904434564131,-0.007689426440461378,2.9937265081304583,-0.08371838501276418,0.0555857550381417,0.0001667572651144251,1.872072898832844e-05,0.04387481136152724,1.5,-0.2982456140350879,0.43398222743446724,0.8760580194935632,0.1899597530719696,2.576299829523832e-18
2015-03,0.013495312783731976,0.01374560089080086,3.0341277837466287,-0.07135287802052825,0.0817279379872988,0.0002451838139618964,5.1042931069893715e-06,0.04031340738287964,1.5,-0.5689655172413799,0.35692929549358376,0.9498187575362929,0.1932519469701234,1.1319003119506507e-19
2015-04,0.004110708327973348,0.004454209452917592,3.0466001980954114,-0.06753548056245884,0.11112481603123095,0.00033337444809369284,1.0126676850550797e-05,0.04131507326208819,1.5,-0.23728813559321993,0.47160515380792,0.8598111709084741,0.16858367528360574,3.1828968996861883e-18
2015-05,-0.0033192113363169707,-0.0032087141720837653,3.0364878881806674,-0.07063052736608932,0.035909823466356114,0.00010772947039906834,2.7676938341370945e-06,0.03990018992106589,1.5,-0.08333333333333341,0.5262794463468161,0.8193215586257943,0.15439899502738963,3.4662450501950773e-18
2015-06,-0.020013806143941368,-0.019644102827628407,2.9757162082281936,-0.08923074782748142,0.11995857954988848,0.0003598757386496654,9.82757766329656e-06,0.03570443878821629,1.5,-0.5081967213114754,0.39205013890595086,0.9244563762944216,0.18349348479962768,4.829136638721891e-18
2015-07,-0.012982196843366031,-0.012779055123546625,2.9370848746629807,-0.10105453353807026,0.06621575820213345,0.00019864727460640035,4.49444521300639e-06,0.0330576199883096,1.5,-0.7540983606557372,0.3149108337837552,0.9926411671526691,0.19244799906357563,4.420912924072882e-18
2015-08,0.001422280997963162,0.001473849170096981,2.941262234669619,-0.09977598048291625,0.016467869752951156,4.9403609258853466e-05,2.164562874965567e-06,0.031620569194709965,1.5,-0.7540983606557372,0.2928818064154,1.0219395921739545,0.18517860141064577,7.014543400011819e-18
2015-09,0.009669401279150744,0.009831809495248325,2.969702479483851,-0.0910713531970756,0.052727320767734245,0.00015818196230320275,4.226253794379062e-06,0.031101709268082447,1.5,-0.5901639344262299,0.33001315767174894,0.9819087287337079,0.1880781135945433,5.3735217157851555e-18
2015-10,0.01928538112541694,0.01950721957045811,3.0269743236297932,-0.07354231782767151,0.07052946160876285,0.00021158838482628856,1.025006021488202e-05,0.03169692558494123,1.5,-0.26229508196721285,0.40609132521445646,0.9322190526006854,0.16168962218485824,0.0
2015-11,-0.02157189560930512,-0.021370345092249752,2.9616767495084044,-0.09352776623393178,0.06576337009428387,0.00019729011028285162,4.260406772518072e-06,0.037293411355556874,1.5,0.0,0.4911636077668319,0.8623789636519105,0.1464574285812578,0.0
2015-12,0.0025432877207083315,0.002647427089249761,2.9692091456181364,-0.0912223465326315,0.033418782953805966,0.0001002563488614179,3.883019680011785e-06,0.04037565365514337,1.5,0.0,0.5202777952782545,0.8442058792550674,0.13551632546667816,1.3539600886614995e-17
2016-01,0.0023343241843560803,0.002348653650251226,2.976140242335164,-0.08910096487794028,0.00469919842629084,1.4097595278872521e-05,2.3187061627354123e-07,0.03856872860150741,1.5,0.0,0.5172144690059381,0.8451272401983155,0.1376582907957464,7.398513738951547e-18
2016-02,0.03765172052990501,0.03771533379287871,3.088197042997371,-0.054804048976564435,0.018208179368057343,5.462453810417203e-05,8.988724869527884e-06,0.03649133661907952,1.5,0.0,0.4995475255044993,0.8353634912535453,0.1650889832419554,0.0
2016-03,-0.0007352692096737908,-0.0006381774119089498,3.0859263867982496,-0.05549902245646032,0.028925864666684786,8.677759400005436e-05,1.0314203764786617e-05,0.04351102719105652,1.5,0.0,0.5229693512582834,0.8176191953805866,0.15941145336113,0.0
2016-04,0.04348550875114623,0.045788124814592934,3.220119465696758,-0.01442691693202447,0.6804725422270295,0.0020414176266810883,0.0002611984367656198,0.12649625352944696,1.185805870251182,-0.5901639344262299,0.023716117405023645,0.4957871962745016,0.6663025565716567,0.0
2016-05,-0.009803193002979315,-0.007497398878690802,3.1885520130818823,-0.02408868008388121,0.6817802989935298,0.0020453408969805893,0.0002604532273079225,0.04140072174585222,1.5,0.0,0.5549505409894262,0.7852531078290466,0.15979635118152738,1.063106816934136e-17
2016-06,0.025557370658300996,0.025594530574120627,3.270043018743488,0.0,0.011949992615904561,3.5849977847713685e-05,1.3099379719182374e-06,0.040610479046686805,1.5,0.0,0.561749356380315,0.7788814925915214,0.15936915102816368,0.0
2016-07,0.01499924197372547,0.015140629288328811,3.3190911852461134,0.0,0.047055692856460885,0.00014116707856938265,2.202360339587095e-07,0.04388771684496619,1.5,0.0,0.6041956659995371,0.7295632924251094,0.1662410415753536,9.239435388649908e-19
2016-08,-0.0032175824229985395,-0.0031947571315988545,3.308411735788136,-0.0032175824229985217,0.0071455192462853995,2.1436557738856198e-05,1.3887336608286727e-06,0.042399238726437256,1.5,0.0,0.6102157362974565,0.7279945362262742,0.16178972747626943,3.526009021196398e-18
2016-09,0.011355187039332082,0.01211801432023017,3.3459793698511318,0.0,0.25414777699371277,0.0007624433309811383,3.8394991694963575e-07,0.0518284591485469,1.5,0.0,0.8708916073975094,0.47185478998992253,0.15725360261256807,2.7987983044743435e-18
2016-10,-0.014752335847719034,-0.014744843943207617,3.2966183584475486,-0.014752335847719067,0.002184595672860224,6.5537870185806715e-06,9.381174928365654e-07,0.049258087083700296,1.5,0.0,0.8730329379267042,0.470632286573369,0.15633477549992686,4.20816935343254e-18
2016-11,0.022611070336496973,0.0247597028833804,3.3711584280229934,0.0,0.6513177176729126,0.001953953153018738,0.000194679393864692,0.14527234037983622,1.0325434257326798,0.0,0.18707980373626837,0.294811753084439,0.13763449861890048,0.41301737029307195
2016-12,0.04336126635763365,0.043448871785333826,3.51733612655428,0.0,0.02852653876068577,8.55796162820573e-05,2.0258114181227472e-06,0.14192747374908585,1.0568778266650867,-0.016393442622950616,0.1959333688765671,0.29834084365674274,0.13718884818348473,0.42541476594829203
2017-01,-0.03165429466098061,-0.03161396651964227,3.405997332382619,-0.031654294660980575,0.012432504693357119,3.729751408007136e-05,3.030627258271301e-06,0.1403293749909888,1.0689137609971697,0.0,0.20272903065906656,0.28712595153397397,0.14356849603810357,0.43549028276602564
2017-02,0.0038892989513981354,0.004100410714154376,3.4192442742359193,-0.02788810872461467,0.06031939055856003,0.0001809581716756801,3.015359108056054e-05,0.12707966381311098,1.1803619517013886,-0.26229508196721285,0.21126565916951168,0.35108122119647983,0.17936408504929777,0.43865098628609933
2017-03,-0.03781179232452782,-0.03761077540990395,3.28995651983168,-0.06464540167372346,0.06635657409156334,0.00019906972227469002,1.9471923491796716e-06,0.13323625922053547,1.1258196595846843,0.0,0.22618841312768365,0.2861856099801242,0.1525383027077707,0.46090733376910575
2017-04,0.00011269925573002772,0.00021396801611423113,3.2903272954828493,-0.06453998790664839,0.029348211480407047,8.804463444122114e-05,1.3224125942982279e-05,0.13204062555517512,1.1360140060630073,0.0,0.23577902879214657,0.28388732938031597,0.1510948989324125,0.46525274895813223
2017-05,-0.0037531075235456048,-0.003614808768229141,3.277978343355245,-0.06805086991601206,0.037618605616579065,0.0001128558168497372,2.5442938466726352e-05,0.12379635894249823,1.2116673000833007,0.0,0.25375506270477055,0.2967034072524877,0.1654966843523675,0.4957121457736749
2017-06,-0.00675246152777935,-0.006644154679605447,3.255843920702845,-0.07434382056275157,0.02901985802389767,8.705957407169301e-05,2.1247274102209946e-05,0.1180014902831912,1.271170386407966,0.0,0.2777788883152704,0.30571517614550864,0.1680710434490926,0.5196052784980942
2017-07,0.023842080407543202,0.023950039732314573,3.333470013254653,-0.05227425150286946,0.029587078182156834,8.87612345464705e-05,1.9198090224897823e-05,0.11252374499005763,1.3330519706152129,0.0,0.2983311339588694,0.31791424664137846,0.17223471417530312,0.5445718758396618
2017-08,-0.02698128066171619,-0.02680610108458476,3.2435287232496144,-0.07784510591340565,0.050696033377922264,0.0001520881001337668,2.309147699765779e-05,0.10506270385515906,1.4277188240537968,0.0,0.31905310903252176,0.33914823495655727,0.18653058691576363,0.5829868931489542
2017-09,0.054363622584978406,0.054428882445710314,3.419858694603893,-0.027713425286391313,0.016781101766568773,5.034330529970632e-05,1.4916555432202494e-05,0.10217192502455372,1.4681136717738492,0.0,0.3216687240774607,0.34731559329226336,0.20085941637269977,0.5982699380314254
2017-10,0.04040075587181481,0.04047718159726361,3.5580235708406884,0.0,0.020115971426452606,6.034791427935782e-05,1.607781116944035e-05,0.10579372833542595,1.4178534243959637,0.0,0.32009012668814335,0.33092601842122576,0.18835306175379507,0.5784842175327995
2017-11,0.0009819579438485472,0.0010453222762723663,3.561517400350476,0.0,0.020337191317417055,6.1011573952251166e-05,2.3527584715680728e-06,0.10454060622287285,1.4348491501973029,0.0,0.3358017259359995,0.32904411540831296,0.18556398354280168,0.5844393253101888
2017-12,0.012726167776250888,0.012833565572162973,3.606841868325373,0.0,0.032091418115055614,9.627425434516684e-05,1.112354156691786e-05,0.09762068891878832,1.5,0.0,0.3468348032474786,0.35084624725232,0.19116733350822185,0.6111516159919796
2018-01,0.06387143214357108,0.06388596249004472,3.8372160239707087,0.0,0.0045714060609429175,1.3714218182828752e-05,8.161282908032974e-07,0.09136793621537176,1.5,0.0,0.348961724631689,0.3495526943843689,0.19119165220463868,0.6102939287793034
2018-02,-0.06089586503942219,-0.06080297314991951,3.60354543484788,-0.06089586503942224,0.029976890255251673,8.993067076575502e-05,2.961218736919291e-06,0.09165815520332089,1.5,0.0,0.3539938747219641,0.34406546750924594,0.1938088961426016,0.6081317616261883
2018-03,0.025436530880769213,0.02760740241783934,3.6952071295816427,-0.03700831371023949,0.6178124036092583,0.0018534372108277748,0.0003174343262423499,0.0786957862818843,1.5,0.0,0.9299771365777765,0.3841946605561308,0.18582820286609278,0.0
2018-04,0.037892329860047216,0.04000358285634905,3.835227137036949,-0.0005183150808646397,0.6031823002196974,0.0018095469006590924,0.0003017060956427409,0.09607491848662766,1.5,0.0,0.33434779780367757,0.3819032110284432,0.1837489911678792,0.6000000000000001
2018-05,-0.013229189257979524,-0.0113120965823222,3.7844901913937483,-0.013740647450544152,0.6388617810250095,0.0019165853430750284,5.073325822944619e-07,0.04989897640626236,1.5,0.0,0.31106475117804044,0.402396739811834,0.7865385090101257,0.0
2018-06,0.07092827282772055,0.07275777831987919,4.0529175442027565,0.0,0.6024868670109558,0.0018074606010328675,2.2044891125764245e-05,0.0758353624627261,1.5,-0.3442622950819674,0.271574695183314,0.47772535840551,0.22125284285111305,0.529447103560063
2018-07,-0.037636870662380466,-0.03724615888186876,3.900378410786305,-0.03763687066238042,0.12475249620400894,0.00037425748861202683,1.6454291899675955e-05,0.07636699886670835,1.5,-0.5901639344262299,0.2282060549399922,0.5297726825097329,0.26505994571836544,0.47696131683190923
2018-08,0.027692700948729644,0.02788414144220959,4.008390423703091,-0.010986436317550252,0.056258020613393134,0.00016877406184017941,2.2666431639768005e-05,0.08107710178277099,1.5,-0.42622950819672123,0.22762185158341647,0.493835876619421,0.26841219497858115,0.5101300768185812
2018-09,-0.009721598396641041,-0.0077861192599658555,3.9694224617869076,-0.02060122899250172,0.6266769978787521,0.0018800309936362564,5.5448143038928644e-05,0.041846291185105904,1.5,-0.3442622950819674,0.15918117668735926,0.45132582940983434,0.8875871258206556,0.001905868082150907
2018-10,0.022040070766172475,0.022395060021110465,4.056908813745526,0.0,0.10696472538820508,0.00032089417616461524,3.409507877337342e-05,0.03987773429942584,1.5,0.0,0.2629081049341095,0.41510581418769604,0.8170567825669717,0.004929298311222863
2018-11,-0.08248270430876294,-0.08053155532627095,3.7222840036537397,-0.08248270430876292,0.6285539339592521,0.0018856618018777563,6.548718061423864e-05,0.06262876686713896,1.5,-0.8360655737704922,0.1408565867919715,0.6347448349121527,0.3121705566905389,0.41222802160533684
2018-12,0.024543576213914,0.026182572222694517,3.8136421647872476,-0.059963548634380914,0.5231452202113455,0.0015694356606340365,6.956034814647965e-05,0.040200025375357,1.5,0.0,0.1701862340869713,0.5005546661923729,0.8230232559603323,0.006235843760323555
2019-01,0.025975508245147393,0.026448415303395006,3.9127034582827203,-0.03554562404119421,0.14185387816161163,0.00042556163448483487,4.734542376277939e-05,0.05766135852975295,1.5,-0.918032786885246,0.030000000000000006,0.5380514333195021,0.9319485666804981,0.0
2019-02,-0.0054398309625626915,-0.00297136604150694,3.8914190128630275,-0.04079209281751406,0.7060820322832909,0.0021182460968498726,0.000350218824205879,0.057897691217413484,1.5,0.0,0.5389124877270826,0.7289915495818642,0.2320959626910532,0.0
2019-03,-0.0072840713023258775,-0.007159712379667392,3.8630736393061067,-0.04777903160718611,0.035316636704158536,0.00010594991011247562,1.8409012546009864e-05,0.05574015813768448,1.5,0.0,0.5382269482280102,0.7658081106999616,0.19596494107202828,0.0
2019-04,0.013347498226744773,0.013435537771217566,3.9146360078565294,-0.035069263920093796,0.02598588795348357,7.795766386045071e-05,1.0081880612341457e-05,0.05534186359386977,1.5,0.0,0.5525707159049649,0.7697693429570739,0.17765994113796124,0.0
2019-05,-0.0242798808261722,-0.02420267115808193,3.8195891121079306,-0.0584976671976245,0.025715256697786376,7.714577009335912e-05,6.389799691072785e-08,0.051340142465215094,1.5,0.0,0.5325243528571099,0.7899550681821715,0.17752057896071866,0.0
2019-06,0.04155982258892197,0.041624537973180255,3.978330557969714,-0.019368997279301636,0.020593237047943885,6.177971114383165e-05,2.9356731144587757e-06,0.050160027221372146,1.5,0.0,0.5194952485012747,0.795906818789128,0.18459793270959746,0.0
2019-07,-0.011563669987860908,-0.011511810093738873,3.9323264562947298,-0.030708690574628883,0.016723743740767544,5.0171231222302635e-05,1.6886628997311027e-06,0.05637005404251909,1.5,0.0,0.5236190001665337,0.7902183481149346,0.1861626517185317,0.0
2019-08,0.013193776164684128,0.01324217166148741,3.9842086913655477,-0.01792007799969708,0.015435624283134691,4.6306872849404076e-05,2.088623953879737e-06,0.05369064379172501,1.5,0.0,0.5137120257392457,0.7958658292406026,0.19042214502015173,0.0
2019-09,0.010616042600901446,0.010710886741536387,4.026505220563966,-0.007494275710251852,0.027449688515826694,8.234906554748009e-05,1.2495075087461353e-05,0.051118007043894215,1.5,0.0,0.5062086464912959,0.8084622371922254,0.18532911631647875,1.3947583694899484e-17
2019-10,-0.0033045829564762974,-0.003212178240434644,4.013199300037928,-0.010774093210944802,0.028800003429424143,8.640001028827243e-05,6.00470575338094e-06,0.05027690483531953,1.5,0.0,0.5159360542922866,0.8235506659107512,0.16051327979696206,9.18797813710421e-18
2019-11,0.005022574844257001,0.005034973226323769,4.033355893887288,-0.005805632056218868,0.004106667075253203,1.2320001225759608e-05,7.838084100741938e-08,0.04851057029854507,1.5,0.0,0.5181580181670312,0.8202169840217006,0.16162499781126838,5.906530520024963e-18
2019-12,0.036148371069069526,0.036152184699225355,4.179155139393145,0.0,0.001214125682337561,3.642377047012683e-06,1.712531088168545e-07,0.04632052920486924,1.5,0.0,0.5190754717912957,0.8235795869488818,0.1573449412598228,0.0
2020-01,-0.006562760735756648,-0.006511031147238588,4.1517283441357,-0.006562760735756679,0.016607217015190842,4.9821651045572524e-05,1.907937472487617e-06,0.05058103842558789,1.5,0.0,0.5269757569887521,0.8138240102334701,0.15920023277777803,5.111420320206076e-19
2020-02,-0.011458021809316397,-0.011368263939848085,4.104157750222236,-0.017945586289433324,0.02930824001575108,8.792472004725325e-05,1.8331494210591382e-06,0.0496000839317838,1.5,0.0,0.5319504342294937,0.7929240331997949,0.1751255325707115,0.0
2020-03,-0.10959350877393999,-0.10857542616639113,3.6543687018136217,-0.12557237529490883,0.33270407463201435,0.000998112223896043,1.9970383652825316e-05,0.0775391461622266,1.5,0.0,0.8042215037350435,0.4763193935118333,0.2194591027531233,2.1955093992831464e-19
2020-04,0.05671791162354363,0.05744698276805757,3.8616368628829307,-0.07597666655570023,0.23985403169201447,0.0007195620950760434,9.509049437895392e-06,0.07201568421596392,1.5,0.0,0.5358997126066454,0.7365270874031887,0.22757319999016598,9.689209883641942e-19
2020-05,0.04482233739127558,0.04501336680962658,4.034724453233657,-0.03455978094664869,0.06340442319811315,0.00019021326959433945,8.161487566595293e-07,0.07515199453860633,1.5,0.0,0.4959357858650368,0.773688486496294,0.23037572763866948,9.73885007951544e-18
2020-06,0.02523020471349722,0.025368809153395573,4.136521377151294,-0.010201526581289144,0.04500183067309021,0.00013500549201927062,3.5989478790833393e-06,0.07439167605430456,1.5,0.0,0.47524454562403723,0.8013547120748973,0.22340074230106557,0.0
2020-07,0.05383697303354237,0.053883989351205544,4.35921916698566,0.0,0.014994094659439844,4.4982283978319535e-05,2.034033684859382e-06,0.07272013799360388,1.5,0.0,0.48055924997414123,0.7978003023198895,0.22164044770596908,1.8919910693021712e-17
2020-08,0.005180882234580673,0.005218709523324176,4.38180376812454,0.0,0.012005650071637378,3.6016950214912134e-05,1.8103385285911795e-06,0.07657660415378074,1.5,0.0,0.48252854712050375,0.7818534180702713,0.23561803480922497,0.0
2020-09,-0.005254097554964243,-0.005231378782780934,4.3587813436601035,-0.005254097554964199,0.007479760601317914,2.243928180395374e-05,2.7949037935603994e-07,0.07406195649616774,1.5,0.0,0.48697834981732985,0.7768708358313468,0.23615081435132323,0.0
2020-10,-0.02501884143372244,-0.02497416818776806,4.249729684378804,-0.030141487555081725,0.014546261657832668,4.3638784973498005e-05,1.0344609808830424e-06,0.07333704206680998,1.5,0.0,0.5040903940628114,0.7714055534339593,0.22450405250322925,1.0352045563428872e-18
2020-11,0.05967245535652272,0.05969520154774881,4.503321489247187,0.0,0.007242861432056561,2.1728584296169685e-05,1.0176069299163842e-06,0.07311108442685854,1.5,0.0,0.5031907534354046,0.7757475837089682,0.2210616628556273,2.7896904899560503e-18
2020-12,0.07804371059630236,0.07813347607557128,4.854777408276104,0.0,0.02807182772582656,8.421548317747968e-05,5.549996091440468e-06,0.08194838156505121,1.5,0.0,0.533801870432162,0.7602921783946006,0.2059059511732374,0.0
2021-01,0.019004993428495588,0.019650802200309816,4.9470424210171995,0.0,0.210694104940718,0.000632082314822154,1.3726456992073297e-05,0.13202995892416058,1.1361057840377091,0.0,0.6076871905342739,0.355542961969126,0.17287563153430927,0.0
2021-02,0.012515163749259471,0.012576789930987712,5.008955466990763,0.0,0.018247644498966042,5.474293349689813e-05,6.88324823134287e-06,0.1281596679058006,1.170415017852983,0.0,0.6370362274852726,0.35162791012537126,0.1817508802423393,0.0
2021-03,-0.006206767577071704,-0.006143965783498605,4.977866044603249,-0.006206767577071615,0.017652265652637725,5.2956796957913175e-05,9.844996615185758e-06,0.12456879876752511,1.2041538610317302,0.0,0.665101178858465,0.35127695229028016,0.1877757298829851,5.655157877973976e-18
2021-04,0.012688398390959291,0.014318930058831003,5.0410271921140035,0.0,0.5151297281935359,0.0015453891845806076,8.514248329110416e-05,0.23776145820861522,0.6308844214287578,-0.26229508196721285,0.08840709337842927,0.1843210643079691,0.13062852872145397,0.22752773502090543
2021-05,0.026036030506454234,0.026222886952337657,5.172275529871749,0.0,0.054181834221711765,0.0001625455026651353,2.4310943218289138e-05,0.2018115986287002,0.743267488188204,-0.5901639344262299,0.10626538718428723,0.222572013108351,0.1802264054031169,0.2342036824924489
2021-06,0.02492714289570345,0.02495965343479897,5.301205581100812,0.0,0.010154199832128105,3.0462599496384315e-05,2.0479395991370996e-06,0.20101672744348628,0.7462065565770933,-0.5081967213114754,0.10945719369828909,0.20508548567602408,0.18783402708418603,0.24382985011859412
2021-07,0.0043244918945019644,0.004551164517940875,5.324130601667371,0.0,0.06480743366943487,0.0001944223010083046,3.225032243060613e-05,0.23694965681152,0.6330458630683583,0.0,0.11521850840536575,0.14110926958039352,0.12349973985525568,0.2532183452273433
2021-08,-0.013891401264653934,-0.01342218064644319,5.250170967094187,-0.013891401264653935,0.13484211923045358,0.00040452635769136074,6.46942605193831e-05,0.1660767741256544,0.9031967340990701,-0.7540983606557372,0.12111039839234873,0.2729264324338079,0.2455896748925279,0.2635702283803857
2021-09,0.02687043824235386,0.027139676114453712,5.39124536182729,0.0,0.08178298944077393,0.0002453489683223218,2.3888903777531057e-05,0.19278345929163326,0.7780750514134485,-0.3442622950819674,0.12051879740953537,0.2009138912849031,0.18367677191171464,0.2729655908072953
2021-10,0.02388861730252046,0.024054588331212698,5.520034759059971,0.0,0.04696101325813644,0.0001408830397744093,2.5087988917825543e-05,0.2124538288731111,0.7060357574896337,0.0,0.12019943397494215,0.15765833728154882,0.14504825133501945,0.2831297348981232
2021-11,-0.04319406677164155,-0.04284537084859409,5.281602009095352,-0.043194066771641615,0.101869123130385,0.000305607369391155,4.308855365630313e-05,0.16612316225922721,0.9029445259772517,-0.5081967213114754,0.12735358184004467,0.24435652447683542,0.23575847310015055,0.2954759465602211
2021-12,0.04180671507189206,0.04222727323240421,5.502408439412735,-0.0031931537420677447,0.11891566675141324,0.00035674700025423975,6.381116025790734e-05,0.13274971490829268,1.1299459294780732,-1.0,0.12452285885159446,0.36693579994000086,0.3517888095504925,0.28669846113598535
2022-01,0.03816964565927056,0.038869438307913805,5.712433419817699,0.0,0.20019348903892117,0.0006005804671167635,9.92121815264806e-05,0.20698157511907378,0.7247021862390745,0.0,0.12278808436766502,0.1536090526363695,0.15748308268980976,0.2908219665452301
2022-02,0.056386613470309044,0.05700990912500512,6.034538195035835,0.0,0.18288094091637538,0.0005486428227491262,7.465283194695038e-05,0.14285811742493132,1.0499928369756208,-0.8360655737704922,0.12285509290155852,0.29847900823278123,0.32779737995516434,0.3008613558861168
2022-03,0.017823251156693105,0.018025560201600947,6.142093284900616,0.0,0.05630299209363223,0.0001689089762808967,3.340006862694656e-05,0.15943720291671182,0.940809279490172,-0.5901639344262299,0.11842286794215848,0.23866683004005346,0.27863679291056903,0.305082788597391
2022-04,0.017762587274216972,0.018441807428499664,6.251192752920044,0.0,0.18983572399202792,0.0005695071719760838,0.00010971298230660987,0.1135212567244156,1.3213384376473232,-0.918032786885246,0.14650316275348105,0.3617182745608222,0.44009230324111304,0.37302469709190694
2022-05,0.04569754303709143,0.04590462020076113,6.536856902779761,0.0,0.06810546937582355,0.00020431640812747066,2.7607555422296537e-06,0.11469259788300529,1.30784377343175,-0.5901639344262299,0.15979735840852397,0.3169877972822724,0.3960982534410483,0.4349603642999055
2022-06,-0.029372399760893595,-0.028839046448625227,6.344853728651557,-0.029372399760893564,0.16382816525307434,0.000491484495759223,4.1868816509144815e-05,0.08496629658261085,1.5,-1.0,0.15464905076515367,0.4216397014693779,0.5146874826613634,0.409023765104105
2022-07,-0.01991882700628131,-0.019470233593357256,6.218471684850388,-0.04870616301757835,0.13318987248029837,0.00039956961744089513,4.902379548315622e-05,0.07872498089839723,1.5,-1.0,0.09689889844334447,0.55419680132012,0.4751948384014424,0.3737094618350931
2022-08,-0.01614817658363593,-0.015104359275986912,6.118054706003083,-0.06406782388009513,0.33428222663352536,0.001002846679900576,4.0970627748445676e-05,0.13504203479327612,1.1107652534236596,0.0,0.11360139499090298,0.24420124247005015,0.2787571438993079,0.4742054720633985
2022-09,0.04274935271143701,0.04515212537856645,6.379597584537877,-0.024057329169162367,0.7555395635807215,0.0022666186907421646,0.00013615397638727384,0.0666412286823846,1.5,-0.8360655737704922,0.030000000000000006,0.4396686615674584,1.0303313384325419,0.0
2022-10,-0.022822302156869766,-0.022730799625650857,6.234000480824317,-0.04633058769064624,0.027574622387139973,8.272386716141991e-05,8.778664057489394e-06,0.06865355638139056,1.5,-0.918032786885246,0.030000000000000006,0.4487628508097681,1.021237149190232,0.0
2022-11,-0.011740189879674047,-0.011714795299135224,6.16081213146946,-0.05752684767359528,0.0066523480423530575,1.9957044127059173e-05,5.43753641176381e-06,0.06695103266483647,1.5,-0.5081967213114754,0.030000000000000006,0.4572367853352508,1.0127632146647494,0.0
2022-12,0.011581482041392168,0.011643867193941485,6.232163466530465,-0.046611611785432716,0.020565128074161002,6.169538422248301e-05,6.897683268340949e-07,0.06120610376903742,1.5,-0.26229508196721285,0.04596333985837567,0.4503436505780013,1.000011418885219,0.003681590678404163
2023-01,0.03344148190931529,0.03352103691990228,6.44057624835234,-0.01472889124840393,0.02465784235573893,7.39735270672168e-05,5.581483519774389e-06,0.05828054561454869,1.5,-0.7540983606557372,0.030000000000000006,0.4742005930592812,0.9957994069407188,0.0
2023-02,0.009636150633065608,0.009905212117824639,6.502638611245207,-0.005234670430066091,0.08864378261101373,0.0002659313478330412,3.130136925989624e-06,0.05703604509962699,1.5,0.0,0.11318138499054478,0.39985187356947066,0.9724276782301796,0.014539063209805043
2023-03,0.07254415402367541,0.07276315208803309,6.974367028219677,0.0,0.0676706020332683,0.00020301180609980492,1.5986258257888188e-05,0.05502152174191479,1.5,-0.26229508196721285,0.055005840216702455,0.4158115848041408,1.0247409300940602,0.0044416448850965375
2023-04,0.03591924230192029,0.036125074743231844,7.224881007408824,0.0,0.06477922545146561,0.00019433767635439683,1.1494764957154347e-05,0.06677185416504185,1.5,0.0,0.11785305988627216,0.3860894380650317,0.9760295599166019,0.020027942132094377
2023-05,-0.003741287725289558,-0.001556499193528693,7.197850648779127,-0.003741287725289588,0.6254803936779091,0.0018764411810337272,0.0003083473507271374,0.08049484038412796,1.5,0.0,0.47731812180092725,0.6441818182255705,0.3588583961983651,0.019641663775137028
2023-06,-0.016762709223638567,-0.016686041353766584,7.077195171318465,-0.02044128283066715,0.023525168721975142,7.057550616592542e-05,6.092363706057452e-06,0.07844260244425673,1.5,0.0,0.4831182329781314,0.6622026519532297,0.3469626273653099,0.007716487703329073
2023-07,0.008718098236797804,0.008807616219353179,7.13889485406301,-0.011901393705673224,0.02485162064247838,7.455486192743514e-05,1.4963120627939892e-05,0.07766906927764589,1.5,0.0,0.49022111946392866,0.6884251317560509,0.31832377093519776,0.0030299778448225757
2023-08,-0.0027970374035665045,-0.0027361504113080893,7.1189270981360675,-0.014665142465890346,0.019160208918296975,5.7480626754890925e-05,3.4063655035240225e-06,0.07475810995641156,1.5,0.0,0.4934899397150374,0.6995751684216084,0.29775086025055486,0.009184031612799409
2023-09,-0.03193463400303985,-0.03189907915410033,6.89158676676277,-0.04613145051167955,0.010833412491972415,3.2500237475917244e-05,3.054611463606638e-06,0.07097277412606842,1.5,0.0,0.4883339656196262,0.6983981188949308,0.301310734037599,0.01195718144784423
2023-10,-0.005711326945617819,-0.005681203929410882,6.852226661563694,-0.05157930566094959,0.009442700166414486,2.832810049924346e-05,1.7949157076943278e-06,0.07096770247334859,1.5,0.0,0.48654238139896044,0.7044999443380376,0.29513301510701817,0.013824659155983712
2023-11,0.056604532012659976,0.05668452459528883,7.240093744986179,0.0,0.025484987180276593,7.645496154082978e-05,3.537621088026105e-06,0.06675614555327711,1.5,0.0,0.47923227998461,0.6944806469222686,0.3028309269808354,0.023456146112285952
2023-12,0.050818960588714664,0.05087797016446796,7.608027783671231,0.0,0.017864556440683098,5.3593669322049296e-05,5.415906431247869e-06,0.07636067836054586,1.5,0.0,0.4912897340827747,0.6955905583272831,0.292535043244216,0.02058466434572629
2024-01,-0.027069075941966936,-0.027017952913364614,7.4020855018264395,-0.027069075941966947,0.01680201276964736,5.040603830894208e-05,7.169902933809591e-07,0.08121921684067164,1.5,0.0,0.5028383178950384,0.695544748602673,0.2884815663277484,0.013135367174540136
2024-02,0.0357895981221486,0.035917643522890126,7.66700316720259,0.0,0.04155799255210525,0.00012467397765631577,3.3714230852077143e-06,0.08151685520415643,1.5,0.0,0.5198705131563142,0.6691380380721452,0.2957039510534093,0.015287497718131395
2024-03,0.0669336959962983,0.0669888589586658,8.180184026398784,0.0,0.01688134788683216,5.064404366049649e-05,4.518918707012209e-06,0.08124161610972638,1.5,0.0,0.5287835784527264,0.6601862241950645,0.29267947812940176,0.01835071922280727
2024-04,-0.017623619521231725,-0.01691595771392116,8.036019575503875,-0.017623619521231704,0.2310107688146245,0.0006930323064438735,1.4629500866689876e-05,0.11119229360076151,1.3490143529063126,0.0,0.6947045427154156,0.3621106849766685,0.2758463572838114,0.016352767930417074
2024-05,0.0015138521782385942,0.0016651650918146866,8.048184921242619,-0.01613644689779381,0.04780219833053235,0.00014340659499159704,7.906318584495475e-06,0.11202837120746015,1.338946539910162,0.0,0.7180286365145239,0.3250767205500287,0.27917122653615767,0.016669956309451797
2024-06,0.047745909388898916,0.047821257463260165,8.432452829237372,0.0,0.023351975725155016,7.005592717546505e-05,5.292147185784385e-06,0.10823896312942313,1.385822587940375,0.0,0.7509940447148766,0.3264848593767313,0.2901072817702723,0.01823640207849488
2024-07,0.020348153156618462,0.020483857767883102,8.604037670892655,0.0,0.0411334220568463,0.00012340026617053892,1.2304345094101943e-05,0.10332810123341078,1.4516864067903534,0.0,0.7960417653430268,0.3365315853388217,0.29603185660312314,0.02308119950538176
2024-08,-0.051664877613806066,-0.05157609601800758,8.159511117641408,-0.051664877613806226,0.028028636302478614,8.408590890743584e-05,4.695686891052347e-06,0.09873051675782409,1.5,0.0,0.821056762522216,0.3449768370334407,0.3122905554811255,0.021675844963217977
2024-09,-0.031453314352868564,-0.03129429535406055,7.902867449492507,-0.08149316033008525,0.04838847023972364,0.0001451654107191709,1.3853588088845265e-05,0.10473840980995888,1.4321393677082301,0.0,0.776765360385132,0.3352227673783948,0.3009518977506612,0.01919934219404218
2024-10,0.020357213314176652,0.02044537414071695,8.06374780795549,-0.0627949206643944,0.0269519277228717,8.085578316861511e-05,7.305043371683501e-06,0.10265805257247335,1.461161557629439,0.0,0.788339376111428,0.343534688993272,0.3115926783889354,0.01769481413580353
2024-11,-0.021738483822789922,-0.021637680114090764,7.888454156681193,-0.08316833812016788,0.03212953670515394,9.638861011546183e-05,4.415098583695793e-06,0.09768906660582383,1.5,0.0,0.8019031314848908,0.35711867910834527,0.32300661342817083,0.01797157597859303
2024-12,-0.005232443520276039,-0.004484236934794935,7.847178265844072,-0.08796560800855491,0.2478567764986086,0.0007435703294958258,4.636255985278892e-06,0.07267500712656438,1.5,0.0,0.5538460314471962,0.613582380254422,0.3169654501912156,0.015606138107166182
2025-01,0.0353736145430958,0.03543556678877273,8.124761325070999,-0.05570365497620278,0.019071904291229916,5.7215712873689746e-05,4.736532803234994e-06,0.06695892587019026,1.5,0.0,0.52740806467884,0.6296046952584352,0.3260799920776355,0.016907247985089333
2025-02,0.025169070000648622,0.025339045380722704,8.329254011600273,-0.03193659416694228,0.05634764174055509,0.00016904292522166529,9.324548524199394e-07,0.06102037835111281,1.5,0.0,0.4758187699998198,0.6746999582074195,0.33357619664635796,0.01590507514640288
2025-03,0.038517150425883384,0.03853472235772319,8.650073141300474,0.0,0.005380002277766227,1.6140006833298682e-05,1.4319250065147615e-06,0.0590408093624444,1.5,0.0,0.477375108145346,0.67214530414893,0.33543552185114933,0.015044065854574643
2025-04,0.0058084803636841075,0.005883297767378172,8.70031692128615,0.0,0.02258899489478427,6.77669846843528e-05,7.050419009711956e-06,0.05972993254861064,1.5,0.0,0.4902012027274471,0.654336744940776,0.34057480191007355,0.014887250421703406
2025-05,0.029587306265364755,0.02959191408563649,8.957735862641979,0.0,0.0014677700464769518,4.4033101394308555e-06,2.0451013230546321e-07,0.05747002511791035,1.5,0.0,0.4918360923041636,0.6584630358194138,0.3383284830594392,0.011372388816983508
2025-06,0.06979288789748322,0.06984529129829815,9.582922117518615,0.0,0.01659109530130602,4.977328590391806e-05,2.6301149110193047e-06,0.05630876971262424,1.5,0.0,0.49750528440673686,0.6538124664850926,0.3367582207732606,0.011924028334910006
2025-07,0.028889294679770434,0.029009227658397963,9.859765978464901,0.0,0.03783667856766956,0.0001135100357030087,6.422942924523556e-06,0.06744550924888812,1.5,0.0,0.5216034454735358,0.6476134725702183,0.32272067510263447,0.008062406853611622
2025-08,0.006397113652714324,0.006416236902516866,9.922840022018308,0.0,0.006252492005042947,1.875747601512884e-05,3.6577378741334265e-07,0.06544767604865367,1.5,0.0,0.5274298052210148,0.6394055790994917,0.3242257300482714,0.008938885631221916
2025-09,0.09698261718784082,0.09700068795102196,10.885183017289895,0.0,0.00527459171818849,1.582377515456547e-05,2.246988026572777e-06,0.06274127528697646,1.5,0.0,0.5235872279074774,0.6371717154191301,0.33225199837506336,0.006989058298329128
2025-10,0.16698753323920587,0.1676509160679512,12.702872878204431,0.0,0.2166128204396351,0.0006498384613189053,1.3544367426413518e-05,0.11140263413423154,1.3464672641336435,0.0,0.694631447243049,0.3340858906855866,0.3132027295576049,0.004547196647403013
2025-11,-0.0015500099552836987,-0.0005554062731488636,12.683183298782511,-0.0015500099552836488,0.32412694024287964,0.0009723808207286389,2.2222861406195978e-05,0.09585179566810298,1.5,0.0,0.5035045495089895,0.6655098931974708,0.3230033549780904,0.007982202315449388
2025-12,0.04742972433038309,0.048294794895640855,13.284743186275486,0.0,0.2700079266885758,0.0008100237800657275,5.504678519204279e-05,0.14181302300725782,1.0577307839515075,0.0,0.5337647009914848,0.27466602572269005,0.24280859898751336,0.006491458249819261
2026-01,0.11020945510313221,0.11204369449959335,14.748847494019957,0.0,0.5144294106882721,0.0015432882320648162,0.00029095116439632274,0.1188970288358686,1.2615958655036492,0.0,0.1405369288191979,0.2986658436364514,0.2863557646229898,0.5360373284250103
2026-02,0.12718801069816546,0.12748790736927926,16.62472406687498,0.0,0.08765362648422952,0.00026296087945268853,3.693579166111577e-05,0.1314450434136496,1.141161325710541,0.0,0.09596854946329189,0.3060665106689096,0.25359888415349785,0.48552738142484175
2026-03,-0.05843320080927232,-0.05688920797596005,15.653288227076532,-0.05843320080927228,0.42258746135952735,0.001267762384078582,0.0002762304492336844,0.1732375965423836,0.8658628553721687,0.0,0.3955394264814757,0.2743946358751143,0.17581524424865744,0.020113548766921223
2026-04,0.03985814192765831,0.041061554743687244,16.27719921086589,-0.02090409769275725,0.36509546566058565,0.001095286396981757,0.00010812641904717604,0.22953137639617527,0.6535054263827412,0.0,0.03445807328204388,0.1981147460061052,0.12597668380207178,0.29495592329252035
2026-05,-0.0019380811641931852,-0.0016789685012054563,16.245652677669494,-0.02280166501895753,0.0769905989285737,0.0002309717967857211,2.814086620200784e-05,0.18745577335469416,0.8001887448735853,-0.3442622950819674,0.039608172664785474,0.2700229567874963,0.1781245615909611,0.3124330538303424
2026-06,-0.09303054334947322,-0.09233966613504435,14.734310781999076,-0.1137109570824445,0.19999083962967626,0.0005999725188890288,9.090469553983693e-05,0.12553333511401116,1.1949017355730083,-1.0,0.05010060056402118,0.4832285018764352,0.337780133801218,0.3237924993313339
2026-07,0.0029117508432226803,0.003963420075839481,14.777213423842866,-0.1111303042143903,0.3088508291011326,0.0009265524873033978,0.00012511674531340289,0.25094895244920085,0.597731126334804,0.0,0.03047155029927512,0.18853173753783845,0.11218057473528945,0.26654726376240095
